#Field:candidate	MonthId	NumTweets_Lag_0	NumDistinctTweets_Lag_0	NumDistinctUsers_Lag_0	NumPopularTweets_Lag_0	NumVerifiedTweets_Lag_0	NumTweets_Lag_1	NumDistinctTweets_Lag_1	NumDistinctUsers_Lag_1	NumPopularTweets_Lag_1	NumVerifiedTweets_Lag_1	NumTweets_Lag_2	NumDistinctTweets_Lag_2	NumDistinctUsers_Lag_2	NumPopularTweets_Lag_2	NumVerifiedTweets_Lag_2	NumTweets_Lag_3	NumDistinctTweets_Lag_3	NumDistinctUsers_Lag_3	NumPopularTweets_Lag_3	NumVerifiedTweets_Lag_3
all	201101	1276577	1262218	439033	9958	1790	714478	706106	265826	5787	871	175451	173700	65396	1323	142	0	0	0	0	0
all old	201101	246916	242430	56565	2453	534	90933	88254	31775	1321	371	11178	10680	7416	280	44	0	0	0	0	0
hashtags	201101	1046670	1036106	391937	7938	1268	633764	627651	239783	4724	508	167090	165729	59425	1120	106	0	0	0	0	0
job opening	201101	21964	20874	14847	610	171	13934	13255	9439	386	120	3672	3516	2345	109	3	0	0	0	0	0
job opportunity	201101	17025	16407	11922	376	48	10562	10185	7332	226	48	2999	2919	1975	50	6	0	0	0	0	0
job posting	201101	19746	19264	13649	293	93	12182	11915	8502	178	11	3289	3253	2288	27	8	0	0	0	0	0
we are hiring	201101	189223	186872	17181	1186	222	54709	53336	7059	537	192	1369	1134	973	98	27	0	0	0	0	0
all	201102	1733612	1707752	626090	14101	7693	1752357	1728581	610189	14248	6010	1634315	1614260	574582	13002	3550	1121823	1108846	402484	9081	1399
all old	201102	223650	216123	74817	3292	1197	283535	276327	76707	3464	1180	296348	289981	73259	3197	846	180191	176065	50509	2220	503
hashtags	201102	1536149	1516454	566465	11553	6732	1493933	1476125	547878	11474	5038	1360689	1345911	514148	10435	2860	957165	947656	360599	7271	904
job opening	201102	32216	29868	22083	975	300	29766	28008	20427	918	306	27624	26187	18853	809	219	20156	19188	13619	569	153
job opportunity	201102	24557	23459	17581	561	227	23748	22716	16959	544	219	22023	21187	15699	520	78	15639	15064	10917	341	48
job posting	201102	29862	28957	19457	429	94	28106	27149	18814	457	109	26324	25523	18041	406	99	18058	17596	12475	277	89
we are hiring	201102	138473	135227	17252	1343	580	203447	199927	22042	1562	546	221722	218368	22034	1477	450	127276	125101	14438	1044	213
all	201103	367792	357862	159328	3693	3980	874441	857113	360137	7830	5598	1456334	1431366	566550	12633	7897	1737088	1710283	637606	14417	8263
all old	201103	23448	21616	15535	729	210	56389	52373	37769	1651	380	102270	95919	62422	2785	957	202801	195138	74923	3309	1209
hashtags	201103	351214	342808	147614	3138	3818	833095	819059	331013	6589	5294	1378160	1358387	517991	10496	7068	1560857	1540308	578223	11871	7302
job opening	201103	7054	6605	4944	227	72	18003	16563	12411	515	111	30036	27812	20572	906	289	32741	30310	22397	994	300
job opportunity	201103	5658	5189	3997	145	52	13500	12763	9628	309	69	22042	21029	15729	481	216	25009	23873	17931	579	239
job posting	201103	7644	7478	4539	74	60	17495	17118	10734	182	123	27047	26406	16928	350	87	30242	29331	19667	436	94
we are hiring	201103	3386	2634	2407	286	26	8155	6642	5832	651	81	24394	21855	10565	1062	369	116252	112997	16484	1316	580
all	201104	1162783	1137722	474311	10982	9470	747700	725907	300705	8391	8968	360054	348260	147747	4302	4764	367792	357862	159328	3693	3980
all old	201104	75146	69462	48204	2112	1614	49087	44269	30633	1579	1428	23834	21350	14356	767	808	23448	21616	15535	729	210
hashtags	201104	1111561	1091190	438017	9413	8044	713691	695948	277346	7193	7704	343460	333852	136934	3713	4004	351214	342808	147614	3138	3818
job opening	201104	24902	23078	14879	649	729	15512	13963	9148	467	678	6877	6313	4051	221	182	7054	6605	4944	227	72
job opportunity	201104	17462	16634	13178	406	237	11491	10798	8511	304	165	5870	5275	4162	147	178	5658	5189	3997	145	52
job posting	201104	25243	24767	14064	231	138	16397	16005	9055	186	111	8018	7714	4385	92	159	7644	7478	4539	74	60
we are hiring	201104	11927	9338	7388	838	515	8426	6216	4733	630	478	4346	3311	2155	311	293	3386	2634	2407	286	26
all	201105	825933	817802	365704	4704	2355	1066783	1057599	448942	5785	2850	1184815	1165578	493517	8958	7386	1181813	1156588	482860	11084	9490
all old	201105	52039	49908	35564	921	417	67308	65092	45127	1161	504	76584	72047	50487	1815	1154	76347	70656	49048	2122	1614
hashtags	201105	791853	785532	339393	3997	1998	1023368	1015935	415868	4957	2406	1134208	1118637	456037	7630	6396	1129856	1109313	445960	9513	8064
job opening	201105	19745	19074	12401	252	88	25686	25094	15673	362	113	28228	26740	16782	558	591	25371	23531	15160	656	729
job opportunity	201105	11909	11652	8816	161	67	15043	14689	11429	214	121	17249	16652	13309	350	138	17729	16919	13416	407	237
job posting	201105	17594	17421	10243	106	24	23314	23149	12802	102	45	26296	25986	14510	188	54	25725	25249	14313	231	138
we are hiring	201105	6775	5668	5289	406	238	8673	7546	6780	490	226	10698	8524	7538	729	372	12060	9462	7506	840	515
all	201106	539477	523849	273782	6937	4194	526421	512975	266912	5992	3453	607898	598410	289135	4728	2635	825933	817802	365704	4704	2355
all old	201106	34698	30623	24579	1229	942	30932	27600	22243	1035	617	36323	34049	25606	838	375	52039	49908	35564	921	417
hashtags	201106	514704	502684	256012	5937	3336	503193	492721	249713	5130	2904	582908	575400	269954	4060	2308	791853	785532	339393	3997	1998
job opening	201106	12645	11419	8828	258	261	10055	8872	7062	228	220	12396	11589	8544	196	188	19745	19074	12401	252	88
job opportunity	201106	7604	7068	5643	247	94	7745	7319	5536	202	82	8761	8493	6272	153	24	11909	11652	8816	161	67
job posting	201106	8638	8385	6726	127	30	8355	8127	6591	118	27	11222	11054	7363	101	6	17594	17421	10243	106	24
we are hiring	201106	6074	3990	3705	603	557	5261	3702	3401	490	288	5322	4227	3992	390	157	6775	5668	5289	406	238
all	201107	1005915	971892	485586	15601	4940	757080	731193	383489	11556	4853	690902	672668	343958	8841	4073	547077	531064	276106	7083	4392
all old	201107	81442	75665	55161	2172	1196	59791	54295	41793	1797	1291	48757	44149	34634	1533	1021	35632	31499	25225	1240	988
hashtags	201107	958145	929075	450564	13896	3904	719665	698553	356633	10129	3730	658283	644013	320209	7615	3236	521983	509633	258127	6075	3492
job opening	201107	35671	34563	23775	521	115	25731	24617	18014	397	132	20086	18840	14003	350	179	13329	12092	9296	263	261
job opportunity	201107	16465	15399	11614	508	284	12115	11287	8802	402	233	9875	9172	7460	319	189	7616	7083	5693	248	95
job posting	201107	19108	18538	13273	253	126	13419	12956	9984	209	90	11606	11315	8837	149	45	8805	8545	6841	131	30
we are hiring	201107	10573	7523	7017	900	675	8842	5717	5411	800	840	7505	5110	4753	723	608	6139	4012	3725	604	602
all	201108	1311945	1277202	595510	16800	8212	1279483	1242382	585779	17744	6759	1193704	1152800	566825	18634	6688	1030135	995485	496271	16023	4857
all old	201108	106554	99512	68789	2804	2107	103920	97218	68456	2595	2062	99989	93216	66140	2610	1561	84074	78212	56768	2240	1171
hashtags	201108	1252982	1224348	553043	14580	6258	1220765	1189514	543001	15691	4818	1136892	1101919	525337	16575	5216	980949	951325	460247	14259	3842
job opening	201108	49918	47905	29745	656	1073	46995	45087	29605	649	974	44411	43045	28377	623	274	36815	35685	24405	540	121
job opportunity	201108	21690	20532	15080	637	168	20414	19236	14487	592	180	20054	18883	14071	593	214	17092	15994	12011	526	277
job posting	201108	22483	21872	15724	294	178	24262	23602	16185	280	185	23033	22375	15713	297	142	19708	19123	13614	258	129
we are hiring	201108	13211	9823	9174	1242	766	12910	9845	9111	1096	797	13030	9421	8724	1109	941	10876	7810	7279	926	648
all	201109	1346840	1304623	609964	16692	18436	1394099	1353231	620200	16622	17019	1328036	1294910	589225	15821	8926	1311945	1277202	595510	16800	8212
all old	201109	103313	94713	64629	2765	3026	108779	101330	67107	2796	2411	105936	99003	66080	2742	2002	106554	99512	68789	2804	2107
hashtags	201109	1289512	1254653	569663	14583	15702	1336066	1301485	578717	14478	14852	1271533	1244321	548843	13680	7108	1252982	1224348	553043	14580	6258
job opening	201109	46584	44236	26487	669	1303	50830	48599	27736	627	1305	50708	48868	28271	624	986	49918	47905	29745	656	1073
job opportunity	201109	22342	21144	15244	590	299	24179	22991	15987	643	243	22117	20989	14982	630	172	21690	20532	15080	637	168
job posting	201109	21453	20747	15365	305	368	21895	21359	15764	302	183	21405	20772	15211	300	226	22483	21872	15724	294	178
we are hiring	201109	13620	9228	8207	1219	1060	12533	8999	8253	1239	684	12478	9027	8433	1214	690	13211	9823	9174	1242	766
all	201110	1030745	993573	505481	13196	18279	1129023	1091507	540992	14428	16981	1241492	1201604	581781	15406	18927	1340552	1299404	604621	16291	18099
all old	201110	73385	65497	48902	2287	3605	81090	72789	53833	2477	3247	91425	82695	59647	2571	3605	101267	92879	63171	2666	2991
hashtags	201110	987007	956753	474715	11409	14962	1080851	1050623	507364	12477	14018	1187545	1155257	544052	13411	15638	1284182	1250219	565065	14254	15404
job opening	201110	32678	31459	20776	525	402	36047	34143	22658	589	968	39306	37061	24219	598	1267	45358	43089	25639	628	1289
job opportunity	201110	13936	12891	10775	511	237	15803	14739	11967	512	253	19696	18513	13972	554	320	21966	20805	14967	569	293
job posting	201110	15259	14575	11423	242	286	16754	16112	12357	275	262	19462	18752	14173	293	325	21230	20530	15180	301	368
we are hiring	201110	12091	7130	6470	1021	2688	13149	8425	7467	1116	1772	13575	8948	7903	1143	1697	13390	9096	8050	1184	1045
all	201111	923862	897493	457144	10788	10173	850767	821447	433210	10443	14926	934931	896125	467899	12668	20531	1030745	993573	505481	13196	18279
all old	201111	64759	58413	43048	2137	1807	59909	52911	40272	1972	3192	64741	57686	44163	2212	2909	73385	65497	48902	2287	3605
hashtags	201111	885247	864240	429557	9109	8574	814497	791259	407417	8924	12018	896001	863216	440009	10964	17958	987007	956753	474715	11409	14962
job opening	201111	30898	29323	19023	497	657	27340	25798	17516	475	711	28776	27534	19013	526	425	32678	31459	20776	525	402
job opportunity	201111	12617	11357	9602	501	382	11406	10493	8885	464	164	12546	11561	9660	504	233	13936	12891	10775	511	237
job posting	201111	13037	12340	9457	207	423	12805	11878	9442	224	622	13428	12781	10234	239	316	15259	14575	11423	242	286
we are hiring	201111	8902	6066	5524	944	345	8964	5325	4891	820	1699	10511	6309	5743	954	1943	12091	7130	6470	1021	2688
all	201112	1761925	1731129	772825	18708	2603	1517921	1489093	673059	16076	3013	908167	887090	444640	10021	4192	885445	860348	442296	10164	9540
all old	201112	119535	111451	76446	3699	643	105939	98010	67999	3264	855	61823	55549	40443	2031	1430	60481	54331	40679	2035	1764
hashtags	201112	1686698	1662769	721838	15731	2178	1452490	1430367	628137	13461	2348	869950	854293	418181	8398	2902	848720	828839	416038	8554	7980
job opening	201112	52769	50899	31554	856	237	48349	46769	28852	745	192	29235	27632	17853	474	578	28407	26871	17922	475	657
job opportunity	201112	25115	23190	18309	976	237	22177	20114	15875	847	479	12163	10835	9048	498	342	12001	10762	9105	476	383
job posting	201112	25421	24819	17194	374	67	21735	21164	14877	332	73	12576	11938	8802	184	351	12360	11681	9008	203	396
we are hiring	201112	16902	13188	10156	1510	104	14420	10677	9159	1358	113	8477	5749	5240	887	159	8382	5664	5165	893	328
all	201201	3039971	2994228	1049763	26397	8884	2525371	2490499	935950	22688	2456	2466469	2432115	946316	22034	2914	1768471	1737841	775224	18633	2601
all old	201201	661591	647540	146015	6359	3558	389566	379699	115931	5207	798	310985	301474	104400	4893	770	119431	111380	76452	3671	645
hashtags	201201	2443130	2409706	939556	20977	5738	2191010	2164574	850347	18286	1958	2209101	2182870	871809	17959	2426	1693148	1669365	724177	15675	2182
job opening	201201	177757	175371	50359	1253	536	63017	61134	38118	912	281	62849	60894	37734	958	289	52553	50682	31550	855	238
job opportunity	201201	39176	36385	28209	1284	683	32883	30710	23950	1124	324	30996	28893	22483	1082	292	25173	23260	18344	967	238
job posting	201201	36876	35919	23494	497	130	31677	30913	20670	409	64	31561	30794	20961	439	77	25601	24992	17270	374	67
we are hiring	201201	413238	405264	45646	3353	2217	262962	257887	34234	2775	129	186437	181714	24147	2431	114	16779	13094	10059	1492	104
all	201202	2838985	2780613	1133014	29775	17704	3060063	3002218	1130086	30126	17661	3052916	2995595	1123197	31026	14494	2970822	2929268	1024572	25182	6742
all old	201202	444994	427790	149172	6584	5379	657624	640199	152696	6537	6501	623497	606071	157649	6904	5566	654660	641482	141871	6082	3198
hashtags	201202	2475094	2431398	1027625	24465	13190	2480132	2437424	1019189	24757	11849	2507168	2465053	1008078	25289	9539	2378071	2348041	916884	19988	3944
job opening	201202	124720	120918	57634	1395	1255	212687	209564	59024	1475	1047	209764	207034	58580	1466	641	174806	172724	48596	1199	323
job opportunity	201202	52507	49223	32825	1656	591	49524	46409	31523	1500	782	49558	46154	32939	1586	862	37464	34822	27111	1226	645
job posting	201202	41831	40745	26256	641	199	41087	40025	25752	612	198	41466	40389	26077	600	167	35902	34992	22909	475	118
we are hiring	201202	233715	224491	36273	2978	3388	365865	355579	39601	3022	4511	332634	322339	42971	3291	3931	411898	404299	44894	3209	2120
all	201203	3130576	3078651	1189655	27413	18210	2783593	2731244	1177380	27261	17040	2687734	2636110	1118706	27439	14615	2835468	2776275	1134890	29850	18446
all old	201203	760612	744714	152506	6688	5714	389532	373677	142245	6409	4997	356509	340916	138422	6301	4330	434614	417148	148537	6619	5555
hashtags	201203	2460448	2422271	1079668	21925	13246	2476336	2437482	1078877	22099	12965	2405559	2367196	1021959	22372	11083	2481448	2437189	1030123	24514	13768
job opening	201203	135546	131928	63065	1476	1642	86050	82022	53102	1422	1630	88304	84359	52977	1458	1351	114089	110252	56929	1409	1278
job opportunity	201203	69036	64908	34469	1576	1742	56175	52800	33717	1645	836	48207	44842	31752	1615	742	52812	49539	32921	1662	582
job posting	201203	37935	36786	24989	622	300	40115	38899	25861	630	313	39735	38556	25237	652	215	41578	40468	26200	657	205
we are hiring	201203	521114	513868	44718	3115	2096	210496	203023	32726	2814	2305	184149	176761	31477	2697	2093	233908	224468	36296	2980	3552
all	201204	2678670	2626681	1122674	26927	15369	3020496	2968448	1137353	26934	16603	3235968	3186429	1179323	26311	16458	3130576	3078651	1189655	27413	18210
all old	201204	453303	435658	135310	6023	6111	777825	759632	150257	6458	6561	922732	906469	159635	6527	5190	760612	744714	152506	6688	5714
hashtags	201204	2348574	2311811	1029369	22186	10093	2350764	2314787	1028838	21687	10674	2409402	2374126	1061094	20907	11902	2460448	2422271	1079668	21925	13246
job opening	201204	127939	122963	54713	1388	2012	166827	161460	66793	1461	2305	162177	157790	67844	1370	1449	135546	131928	63065	1476	1642
job opportunity	201204	85987	81134	32383	1624	2078	81083	76547	33026	1519	1882	74873	71094	33764	1469	1422	69036	64908	34469	1576	1742
job posting	201204	36575	35312	25036	631	380	35519	34492	24569	602	279	35620	34604	24184	594	306	37935	36786	24989	622	300
we are hiring	201204	205237	197889	32666	2495	2306	496847	488814	45888	2974	2695	652756	645508	54168	3165	2067	521114	513868	44718	3115	2096
all	201205	2893724	2810965	1198462	36947	19757	2927325	2860204	1226395	33083	17532	2758706	2702696	1195963	29998	16328	2686891	2634193	1136562	27761	15079
all old	201205	417788	391965	146039	8161	6147	390707	370225	140634	7246	5854	376422	358985	138614	6662	5888	426705	409347	136090	6227	5477
hashtags	201205	2644177	2583768	1106068	30565	14280	2701721	2652085	1136719	27404	12446	2532944	2491647	1107103	24812	11367	2386305	2348485	1043806	22852	10433
job opening	201205	236095	230382	67235	1881	2049	195691	190653	59683	1661	2187	177113	172842	56060	1496	2083	120247	115257	53695	1405	1999
job opportunity	201205	108018	99757	37755	2392	1572	108914	103038	37850	2160	1588	100292	95342	36206	1958	1838	86792	82655	33640	1701	1242
job posting	201205	36163	34292	24436	891	407	37427	35671	25011	815	518	38884	37433	26391	724	347	37085	35778	25400	663	383
we are hiring	201205	40724	30257	19089	3148	2260	50818	42631	20265	2753	1714	62861	55198	22078	2626	2294	185091	177366	30803	2579	2518
all	201206	2392102	2341983	1109108	25807	13850	2442657	2374712	1097223	31535	15771	2624693	2545088	1115594	34135	18619	2893724	2810965	1198462	36947	19757
all old	201206	266136	251732	129002	5696	3399	307229	286874	134505	6966	3572	321322	297587	132227	7276	5185	417788	391965	146039	8161	6147
hashtags	201206	2261708	2223882	1026978	21272	11088	2279152	2228677	1011264	26036	12827	2457640	2398624	1031025	28422	14000	2644177	2583768	1106068	30565	14280
job opening	201206	122209	118369	60480	1355	1317	155526	151177	62873	1579	965	161700	156455	60885	1687	1834	236095	230382	67235	1881	2049
job opportunity	201206	90586	87223	32624	1649	678	94079	87833	33693	2028	830	101038	93524	33907	2119	1085	108018	99757	37755	2392	1572
job posting	201206	32154	30853	21911	562	331	33220	31734	22902	725	350	33305	31595	22608	805	435	36163	34292	24436	891	407
we are hiring	201206	25870	19675	16878	2239	1205	28926	20269	17583	2757	1578	28904	19261	16921	2787	1939	40724	30257	19089	3148	2260
all	201207	2400493	2352046	1144258	23860	13854	2357749	2309409	1117681	24235	14567	2384951	2338005	1123408	24790	13602	2328430	2281633	1084217	24468	12962
all old	201207	274818	259284	140438	5466	4118	276758	262681	140362	5412	4489	278718	264917	141568	5617	3571	258405	245101	125292	5379	3077
hashtags	201207	2254617	2217709	1050348	19545	10473	2213411	2176895	1024301	20024	10899	2240727	2205541	1029507	20341	10643	2202184	2166708	1004438	20196	10473
job opening	201207	129832	126640	65461	1189	1485	134151	130455	67959	1294	1943	133388	129702	68329	1365	1375	118566	114994	58887	1283	1254
job opportunity	201207	87351	82153	37473	1466	590	87735	84365	36635	1483	667	90459	87299	37724	1589	663	88572	85400	31742	1575	606
job posting	201207	36486	34862	26085	693	707	34917	33411	24751	571	588	34185	32880	23902	526	435	31317	30093	21301	527	325
we are hiring	201207	26232	20507	17526	2211	1397	25543	19814	17059	2165	1388	26196	20313	17401	2244	1201	24416	18861	16225	2092	999
all	201208	3181419	3115099	1445513	35408	21923	2939291	2880936	1358950	29905	18741	2680917	2627605	1261416	25755	17571	2468977	2419540	1174980	24240	14272
all old	201208	269182	248498	140391	7313	8683	277866	258405	141552	6546	6629	287309	269916	143815	5891	5513	281471	265724	145362	5559	4274
hashtags	201208	3017688	2968668	1354658	29789	14432	2778726	2735339	1265918	24792	12919	2524372	2484124	1166444	21119	13005	2318206	2280476	1077397	19853	10771
job opening	201208	137748	132100	64353	1721	3290	138541	133443	65442	1546	2896	139338	135289	67437	1314	2159	133794	130539	68055	1216	1520
job opportunity	201208	58274	54487	34431	1801	949	72080	66742	35557	1646	763	85385	79975	36830	1526	791	88561	83277	38758	1484	672
job posting	201208	43985	41963	27002	853	1034	41369	39348	26918	841	962	39757	37797	27125	816	943	37212	35569	26551	707	713
we are hiring	201208	32686	23083	20044	3016	3618	29678	22519	19223	2578	2043	27518	21346	18409	2313	1691	27119	21340	18195	2250	1430
all	201209	3015917	2935058	1356810	41075	22993	3047277	2966185	1359101	40785	23318	3069139	3000563	1377498	36271	19311	3181419	3115099	1445513	35408	21923
all old	201209	302652	280604	138589	8230	7253	272358	249410	133527	8335	8324	237845	216355	121197	7308	8147	269182	248498	140391	7313	8683
hashtags	201209	2853436	2789349	1270931	35040	16857	2895517	2832089	1276524	34550	16263	2927972	2875968	1302031	30727	12371	3017688	2968668	1354658	29789	14432
job opening	201209	144989	138984	63804	1949	1833	128506	122249	58457	1832	2324	117056	110463	52149	1638	2873	137748	132100	64353	1721	3290
job opportunity	201209	80743	75520	33197	2361	1530	67142	62223	32762	2325	1286	48833	45010	28978	1894	849	58274	54487	34431	1801	949
job posting	201209	52451	50210	26342	987	930	47837	45682	25792	941	946	43501	41549	24257	818	898	43985	41963	27002	853	1034
we are hiring	201209	31360	22280	19447	3061	3303	33113	22795	20134	3363	4267	31206	21502	18822	3050	3962	32686	23083	20044	3016	3618
all	201210	3290228	3198538	1449552	47068	27109	3253378	3168499	1456683	46460	24803	3212806	3123145	1442741	47825	26590	3031782	2949785	1362688	41715	23227
all old	201210	350650	324265	162950	9326	10796	344077	320395	153868	9040	8652	352257	328204	159229	9705	8313	308673	286363	140786	8414	7229
hashtags	201210	3108882	3039090	1349659	40249	17783	3074556	3008831	1362289	39971	17571	3028665	2958502	1344370	40791	19519	2866159	2801142	1275195	35541	17095
job opening	201210	165810	158474	75646	2247	3210	166246	160185	73432	2297	2502	168885	163714	74611	2368	1978	148202	142134	65031	1994	1814
job opportunity	201210	94160	88268	38706	2533	2307	92446	86910	35227	2418	1984	97388	91295	37546	2721	1995	82827	77515	33686	2407	1554
job posting	201210	58168	55749	29775	1087	1143	58943	56410	28935	1133	1200	59187	56321	29890	1227	1371	53015	50707	26563	1019	960
we are hiring	201210	39604	28355	23493	3637	4476	35443	25436	21108	3356	3256	36210	25818	22153	3572	3239	31844	22706	19783	3130	3264
all	201211	2892896	2806151	1294535	44227	25982	2993600	2901248	1321267	44150	29699	3131030	3036690	1382213	44996	31085	3290228	3198538	1449552	47068	27109
all old	201211	307779	286166	152091	8850	6970	325562	300900	158904	8807	10075	327631	303165	156530	8575	10071	350650	324265	162950	9326	10796
hashtags	201211	2728154	2659148	1197822	37705	20002	2821391	2749758	1221214	37579	20854	2960328	2886422	1285953	38749	22268	3108882	3039090	1349659	40249	17783
job opening	201211	140009	135162	66472	2086	1841	150150	143537	69984	2090	3061	153792	146622	71934	2093	3015	165810	158474	75646	2247	3210
job opportunity	201211	84850	79794	38787	2576	1264	87925	82559	40175	2491	1856	87387	81797	37768	2310	2225	94160	88268	38706	2533	2307
job posting	201211	50986	48809	27828	1030	883	52939	50935	28750	983	716	53935	51977	28252	977	709	58168	55749	29775	1087	1143
we are hiring	201211	36273	26342	23074	3311	3080	39115	28027	24130	3398	4580	37627	27418	22843	3338	4332	39604	28355	23493	3637	4476
all	201212	2557963	2474533	1117765	46924	22071	2702609	2614991	1191414	48905	23606	2739693	2656880	1215156	45810	21634	2851965	2766910	1276876	43520	25485
all old	201212	293584	271061	139102	8965	7653	300434	277181	145892	9506	7628	296279	274002	146371	9181	7154	299275	278338	148135	8545	6817
hashtags	201212	2403951	2338485	1029978	40562	15967	2542309	2473074	1099113	42182	17482	2579247	2514325	1121156	39100	15842	2690767	2622902	1182368	37219	19638
job opening	201212	129285	124317	59747	2112	1828	134307	128989	63029	2240	1853	134412	129209	62855	2196	2060	136806	132012	64801	2032	1862
job opportunity	201212	83488	78321	35536	2708	1171	83489	77909	37362	2940	1238	79542	74660	37471	2776	985	81380	76491	37661	2485	1220
job posting	201212	49533	47217	26080	1108	886	50480	48115	26847	1125	1074	49775	47574	27003	1058	980	50177	48075	27261	994	865
we are hiring	201212	35126	24613	21462	3210	3975	36295	25877	22607	3373	3631	36533	26152	22933	3318	3267	35138	25613	22416	3177	2952
all	201301	2660849	2552484	1146822	34884	19151	2449067	2352978	1065489	31444	15729	2471027	2400992	1091549	37278	18346	2551020	2468555	1114275	46169	21923
all old	201301	339122	287549	145110	9000	8987	299393	255739	126895	7231	6979	280391	259725	128416	7497	7252	293921	271395	138745	8926	7619
hashtags	201301	2472918	2409546	1053945	27909	11488	2282361	2226739	984486	25890	9819	2326607	2273592	1010761	31826	12387	2397218	2332731	1026774	39840	15849
job opening	201301	134142	128645	61082	1804	2055	120846	116017	54484	1546	2013	122477	117404	55956	1723	1973	129477	124491	59667	2090	1779
job opportunity	201301	119647	87692	38831	2617	1732	105800	77635	33642	2099	1290	83981	79232	33051	2227	1159	83945	78785	35449	2707	1174
job posting	201301	52425	49589	26608	1079	1388	45522	43697	23236	870	607	46857	44870	24130	936	733	49374	47060	26047	1104	892
we are hiring	201301	37063	25201	22529	3698	4080	30740	21487	19090	2875	3256	30657	21407	18862	2757	3554	34962	24454	21304	3199	3981
all	201302	2947736	2806831	1261253	61312	36926	2867196	2757007	1225715	48630	31491	2874138	2750309	1216836	43394	22586	2567131	2464547	1111036	32233	17300
all old	201302	374567	329686	180752	13068	21576	358944	317439	164141	11142	19199	374052	317723	164729	10917	10838	322507	273409	137198	8162	8308
hashtags	201302	2736920	2634936	1143867	51430	17272	2671479	2595161	1119845	40078	14004	2665966	2591262	1111641	34896	13114	2387923	2328188	1022988	25897	10238
job opening	201302	161022	146375	74843	2825	9572	155063	142133	68342	2290	9388	147863	142026	68694	2103	2564	128728	123510	57981	1663	2011
job opportunity	201302	105377	97111	46797	3527	2523	104128	94111	43310	3056	2580	129553	96445	44586	3093	1987	113617	82196	36645	2384	1636
job posting	201302	61118	56660	32904	1722	1856	60486	56378	30647	1442	1809	57292	53955	29395	1336	1595	50121	47712	25471	967	1168
we are hiring	201302	52511	34303	30812	5253	8006	44363	29271	26203	4586	5758	44487	29776	26515	4632	5044	33891	23330	20873	3333	3731
all	201303	2866916	2717573	1331597	76685	26053	3010875	2844744	1365697	78619	31472	2949295	2787846	1299477	70627	36566	2936047	2793806	1259223	62498	37246
all old	201303	377695	333395	206360	14604	11353	394126	346470	213800	15410	14556	386897	334959	194123	14091	21366	374535	329850	181581	13147	21582
hashtags	201303	2679675	2567702	1225497	66453	16397	2802698	2677262	1245346	67430	18766	2733434	2617375	1180514	60217	17368	2725864	2622335	1142206	52590	17578
job opening	201303	131468	124706	64805	2922	2239	145992	137461	73574	3259	2612	155126	141203	73143	3050	8836	160130	145607	74920	2871	9619
job opportunity	201303	102941	85217	45190	4624	2713	107887	91040	49120	4524	2658	109283	92949	47596	4040	3010	104976	96642	46748	3544	2574
job posting	201303	53479	48778	28801	1765	1194	57002	52768	32149	1891	1929	60194	55957	32828	1792	1655	61087	56637	32426	1733	1836
we are hiring	201303	94037	78306	72197	5557	5444	87889	69191	63637	6002	7666	67195	49087	45091	5460	8222	53789	35712	32105	5255	7942
all	201304	2721320	2589542	1245918	72101	27092	2599871	2465102	1211626	72360	25486	2688871	2547585	1261882	74806	26505	2866916	2717573	1331597	76685	26053
all old	201304	332030	298918	165623	13376	10580	326132	290065	167686	13516	11224	343717	305358	185777	14220	12297	377695	333395	206360	14604	11353
hashtags	201304	2546285	2440905	1140625	62790	18309	2433679	2328249	1114433	62979	16028	2520194	2410274	1163574	64916	15893	2679675	2567702	1225497	66453	16397
job opening	201304	129879	123588	63058	2551	2574	122622	116311	60520	2569	2516	124776	117832	61740	2843	2498	131468	124706	64805	2922	2239
job opportunity	201304	102056	92132	45000	4638	1807	95418	84661	41795	4608	1941	91890	81411	42288	4574	2196	102941	85217	45190	4624	2713
job posting	201304	48860	46028	28151	1541	895	46708	42607	26122	1578	791	47985	43349	26528	1689	1142	53479	48778	28801	1765	1194
we are hiring	201304	54802	40200	33852	4884	5533	65673	50150	43797	5020	6266	83114	66208	59699	5380	6694	94037	78306	72197	5557	5444
all	201305	2941369	2804177	1339728	74246	52200	3002287	2868700	1348671	74837	43407	2978936	2844111	1333558	76044	33357	2776102	2642830	1269199	73543	27608
all old	201305	375267	337743	182173	14288	15898	370917	335397	182129	13984	14297	362359	328328	179049	13787	12271	338796	305076	169533	13725	10926
hashtags	201305	2747764	2640055	1225322	64476	39504	2809500	2703585	1233192	65338	31899	2790443	2682032	1220096	66593	23720	2597635	2491003	1161670	63973	18759
job opening	201305	134022	128311	61564	2482	2626	137390	131432	62849	2517	2684	140163	133812	65575	2569	2769	132778	126288	64377	2624	2703
job opportunity	201305	114815	102677	50160	4845	5171	113235	101710	50145	4817	4949	110133	99159	48268	4746	3628	102912	93110	45903	4685	1832
job posting	201305	56483	53169	31437	1664	1369	56692	53539	32250	1672	1202	54648	51405	31469	1654	1313	49865	46943	28765	1586	934
we are hiring	201305	72805	55903	43200	5500	7028	66444	51022	41345	5176	5725	60712	46656	38386	5037	4875	56976	41798	35013	5091	5806
all	201306	2483262	2350350	1207291	67512	53673	2728090	2593014	1315753	69226	54830	2744389	2615481	1285003	67233	55534	2941369	2804177	1339728	74246	52200
all old	201306	332022	297375	166948	14047	11529	374361	337913	181469	14546	12454	365354	330090	175616	13762	14220	375267	337743	182173	14288	15898
hashtags	201306	2312371	2207117	1102382	57891	43852	2538190	2432235	1201937	59124	44513	2556807	2456035	1173832	57822	43614	2747764	2640055	1225322	64476	39504
job opening	201306	120108	112568	57161	2712	3273	130204	123124	61391	2677	3048	124240	118478	58016	2397	2496	134022	128311	61564	2482	2626
job opportunity	201306	93932	85231	44198	4474	1698	113173	103204	48999	4734	2272	114850	103385	48104	4771	4722	114815	102677	50160	4845	5171
job posting	201306	51218	47764	29028	1882	930	55697	52335	30570	1750	1069	55049	51917	30471	1586	1120	56483	53169	31437	1664	1369
we are hiring	201306	69027	53684	40704	5153	5706	77757	61272	44608	5592	6216	73725	58400	42989	5206	6046	72805	55903	43200	5500	7028
all	201307	2196122	2050760	995390	74269	55813	2137926	2010320	987389	64859	52791	2379906	2235554	1146306	73743	57175	2469506	2335383	1202834	68251	53735
all old	201307	291154	252078	163111	15269	14543	273692	240338	152635	12685	13421	310657	272967	165309	14461	13817	330171	295372	167065	14117	11667
hashtags	201307	2033661	1919276	894102	64132	43626	1990190	1889029	892776	56556	41514	2215749	2101586	1043855	63865	45595	2299333	2192718	1097892	58607	44064
job opening	201307	112586	105336	57148	2960	3322	109863	103339	52733	2333	3363	118021	110814	56656	2734	3229	120350	112776	57269	2736	3262
job opportunity	201307	69725	60539	43083	4258	2625	64167	56241	40426	3676	2446	80925	71207	44344	4495	2467	92630	83782	44317	4505	1845
job posting	201307	49450	43359	26828	2776	2546	45014	39949	25533	2312	2127	49249	44326	27729	2002	2202	50904	47527	28993	1881	882
we are hiring	201307	63544	46223	40688	5575	6282	57567	43186	38170	4545	5701	65138	48810	40844	5435	6012	68588	53174	40633	5179	5756
all	201308	2615978	2300655	1113707	173934	64085	2468393	2200451	1071685	145436	64242	2219812	2022705	969012	101994	57969	2192316	2044686	989562	75083	55847
all old	201308	350021	272870	168827	28448	21731	336781	270108	171902	26044	19726	300476	250422	161915	19529	16163	292257	252181	163282	15529	14757
hashtags	201308	2417809	2163997	1009234	154159	46602	2274847	2059697	964641	127518	47940	2047219	1889836	867635	89002	44118	2028280	1912679	888033	64762	43234
job opening	201308	130458	115939	60031	6526	4105	123391	110720	61085	5728	3814	111694	101893	57310	4037	3482	112423	105044	57294	3058	3376
job opportunity	201308	84726	65205	44893	7845	5357	83926	66729	45540	7321	4956	74470	61563	42622	5485	3697	69999	60720	43096	4308	2522
job posting	201308	56614	48115	26406	4287	2055	56853	49209	27876	3879	2120	52325	45791	27047	3492	1869	49792	43624	26872	2808	2509
we are hiring	201308	84392	48221	43243	10566	10562	78441	48047	42894	9696	9014	67111	45312	39995	6905	7377	64246	46222	40696	5657	6582
all	201309	2725740	2379610	1128945	203335	61125	2762505	2421695	1156212	196503	63872	2669353	2354112	1132340	179799	58931	2615978	2300655	1113707	173934	64085
all old	201309	345856	261976	161920	32614	27251	356180	270627	170621	31763	26428	341936	265594	165668	28495	21346	350021	272870	168827	28448	21731
hashtags	201309	2525807	2247604	1027045	180300	37092	2556735	2284568	1049923	174238	41734	2474796	2220700	1029824	159878	41478	2417809	2163997	1009234	154159	46602
job opening	201309	135994	116526	59001	8318	7974	136608	117025	62057	8195	8059	128221	113015	59501	7173	4880	130458	115939	60031	6526	4105
job opportunity	201309	77178	59105	41081	7149	4983	83083	63521	44399	7858	4693	81986	63390	43867	7504	4767	84726	65205	44893	7845	5357
job posting	201309	53636	42623	23768	6919	1412	54177	45313	24997	5182	1519	53050	45485	24425	4261	1297	56614	48115	26406	4287	2055
we are hiring	201309	85099	47405	42726	11310	13657	89199	49025	44327	11712	13088	85067	48091	43306	10566	10941	84392	48221	43243	10566	10562
all	201310	2907488	2568375	1183297	199454	58335	2845464	2474406	1154064	221372	57644	2885612	2505028	1173642	223361	64411	2763867	2412879	1143556	207394	62705
all old	201310	364739	280873	167674	32665	25787	352684	268094	159339	34154	25802	369099	279857	168110	36069	28480	354412	268259	165622	33643	27973
hashtags	201310	2702211	2432318	1080035	175283	36710	2645102	2343352	1053871	196458	35457	2675933	2367582	1067977	197189	40164	2558732	2277815	1039282	183501	37874
job opening	201310	143632	126250	59431	6548	6214	139152	123791	57946	7418	4860	149586	129986	61675	8343	8066	139441	119712	60364	8476	8067
job opportunity	201310	80380	61943	42440	6460	5555	74555	56916	39119	6515	4719	78351	59826	41664	7306	5608	79293	60420	42085	7398	5456
job posting	201310	59655	45627	27269	9527	1272	57525	42163	24588	10301	1152	57651	43386	24723	9214	1511	54887	43436	24261	7199	1486
we are hiring	201310	86119	49342	43264	10705	14570	85330	47706	42209	10562	15444	88577	49753	44613	12060	13977	86777	48296	43557	11638	13759
all	201311	2887922	2634543	1167740	140344	60440	2887453	2630240	1175424	142617	60891	2816600	2536080	1151122	165800	55296	2907488	2568375	1183297	199454	58335
all old	201311	415404	339202	205365	26039	30404	396482	315498	190405	27171	30701	357317	280986	165734	28070	25310	364739	280873	167674	32665	25787
hashtags	201311	2690919	2501963	1070644	120604	33782	2684556	2496692	1076542	121988	33587	2623181	2406458	1053979	144872	33726	2702211	2432318	1080035	175283	36710
job opening	201311	151842	137638	72746	4836	6938	150456	135606	66385	4899	5248	141530	126211	58249	5322	5489	143632	126250	59431	6548	6214
job opportunity	201311	110969	95020	73735	6407	4860	101217	83732	61994	6284	5989	83383	65927	45289	5815	5708	80380	61943	42440	6460	5555
job posting	201311	68779	59567	23104	5444	2230	58512	48543	25202	6240	1980	54606	43463	26113	7626	1246	59655	45627	27269	9527	1272
we are hiring	201311	87336	49052	42861	9822	17108	91035	49679	42913	10237	19371	82548	47466	41069	9816	14701	86119	49342	43264	10705	14570
all	201312	2775332	2527796	1203268	132359	51886	2852416	2596257	1214148	140298	56860	2871134	2609482	1171432	143151	59534	2851025	2601400	1153406	138246	59353
all old	201312	390383	322142	207379	22961	22502	421759	348214	216751	25190	25994	433878	353414	220049	26510	29936	409403	334916	203437	25366	29513
hashtags	201312	2599770	2409117	1115944	115339	33419	2663942	2468531	1120445	121713	35507	2671646	2477306	1074667	123448	34113	2658480	2471696	1058555	119104	33534
job opening	201312	153808	134849	75706	4847	7779	157369	137114	77772	5025	10856	155519	137458	77562	5080	8371	148156	134428	71738	4648	6671
job opportunity	201312	117885	103324	82244	5485	4001	120166	104824	83378	6036	3863	121529	105620	84471	6607	3909	110726	95159	74129	6275	4791
job posting	201312	51660	43832	20462	4635	1425	72313	62760	23153	5573	1949	74459	64594	23627	5603	2270	68108	59090	22599	5327	2251
we are hiring	201312	70242	41982	36766	8408	10060	75618	45620	40321	9037	10273	85950	47846	42204	9696	16239	85803	48226	42045	9567	16524
all	201401	2762866	2449912	1152111	149736	63525	2728510	2451803	1156242	133470	54955	2670671	2425605	1165711	123047	49878	2772888	2526574	1203352	131801	51740
all old	201401	412713	321274	210554	28992	34590	389971	314927	204007	23696	28200	364969	302962	196744	20651	24136	388515	321034	206896	22757	22538
hashtags	201401	2547034	2312082	1048271	126994	33503	2543600	2330741	1066042	115208	30565	2508068	2315134	1084596	107662	29089	2598884	2408702	1116675	114953	33252
job opening	201401	156426	134583	80050	5668	12712	157214	137641	77667	4905	9769	149010	130630	74155	4516	9693	153606	134626	75663	4862	7778
job opportunity	201401	115701	96383	75643	6688	5952	115731	100422	80415	5501	4878	112995	100274	80090	4775	3952	117823	103349	82259	5432	4074
job posting	201401	54038	44667	20239	5509	1701	44424	37140	17362	4289	1377	41296	34920	16881	4042	1180	50895	43206	20264	4553	1359
we are hiring	201401	91286	48013	41755	11695	15300	75998	41576	36219	9359	12913	64495	38790	33449	7663	9910	69393	41709	36543	8317	10073
all	201402	3040452	2681759	1155589	178486	78999	2884208	2538851	1142708	171707	76445	2918506	2571856	1180188	166759	72868	2735251	2432602	1143384	145318	60345
all old	201402	421416	312219	210055	35293	36409	413151	307948	209613	34568	36605	433575	330347	218728	33576	35967	404066	317615	207129	27442	32966
hashtags	201402	2793157	2526163	1041462	151397	47987	2639510	2383071	1026755	144718	44849	2677332	2418262	1065018	140408	42004	2528765	2299660	1043510	123879	31833
job opening	201402	134079	115510	74229	6516	7909	138925	119658	76388	6595	9486	155113	133510	81606	6369	11487	156117	134693	79189	5473	12563
job opportunity	201402	112910	86389	65327	8551	8121	111318	86320	65405	8134	7624	118744	95254	73182	7828	7206	114785	96357	75951	6315	5768
job posting	201402	67037	54299	25320	6592	2787	59151	47567	24293	6504	2453	60311	49478	22987	6267	1934	51708	42918	19303	5192	1588
we are hiring	201402	113123	58908	50736	14377	18847	109388	57260	49226	14067	18215	104794	54794	47434	13787	16430	85856	45861	39871	10962	14084
all	201403	3585322	3192283	1309117	194556	72101	3472711	3082330	1261883	195099	76993	3189308	2810850	1181400	184337	75725	3018775	2665449	1143288	176399	77405
all old	201403	484201	376551	228256	35401	33563	462153	348146	223383	36342	36103	428765	315666	210218	35159	37261	413996	307418	206185	34505	35665
hashtags	201403	3343322	3039427	1195149	168085	43803	3224117	2928037	1148109	167978	47015	2942938	2659118	1069738	157823	43704	2777417	2513299	1031908	150093	47094
job opening	201403	164475	146374	75412	6423	7507	144548	125468	75041	6603	7912	131648	113273	72148	6377	7687	131047	112897	72492	6434	7751
job opportunity	201403	134356	106638	85637	8910	6922	129680	99315	78338	9296	7955	119208	88720	68738	9046	7921	111422	85486	64658	8404	8091
job posting	201403	82772	71947	24402	6439	1773	81790	69571	25482	6493	2246	72010	59520	25136	6413	2921	66420	54080	24695	6378	2706
we are hiring	201403	108512	54733	48559	14362	18768	111808	56868	50262	14673	19309	111527	56991	49704	14017	20150	110552	57752	49786	13987	18325
all	201404	3964245	3586473	1428963	199668	72510	3816001	3440426	1391626	195570	69823	3817063	3424622	1399379	202371	73317	3585322	3192283	1309117	194556	72101
all old	201404	532580	415406	241219	38730	42019	526170	417595	237269	36757	37058	529932	420378	243818	37785	34717	484201	376551	228256	35401	33563
hashtags	201404	3712663	3425622	1309662	171372	41698	3569097	3282742	1274087	168299	37681	3565560	3262652	1278798	174086	44120	3343322	3039427	1195149	168085	43803
job opening	201404	218951	196680	80753	7483	10107	211384	189322	79503	6962	10049	197404	176657	80626	7012	8292	164475	146374	75412	6423	7507
job opportunity	201404	144215	111808	92739	9986	13932	138665	112696	91792	9196	8289	139384	114747	93223	9233	7197	134356	106638	85637	8910	6922
job posting	201404	65153	53210	23990	6959	2390	75052	63454	23476	6895	2115	85879	74350	24960	6904	1771	82772	71947	24402	6439	1773
we are hiring	201404	109835	57041	49896	14944	16664	106933	55185	48352	14389	18068	113187	57756	50936	15376	18905	108512	54733	48559	14362	18768
all	201405	4103459	3694453	1411177	221753	71215	4047882	3650162	1423723	211094	73247	3934332	3567620	1400568	196597	71580	3977505	3604690	1431367	199788	72366
all old	201405	515602	408922	236973	35172	34966	522587	408734	238621	36549	38402	502435	393541	231112	35575	38880	529086	412827	240095	38547	41635
hashtags	201405	3864800	3540034	1296090	196992	43537	3803751	3491465	1306340	185070	47742	3696786	3414703	1287227	170958	43692	3727848	3444874	1313007	171682	41912
job opening	201405	210921	189190	77477	6816	8181	219848	198047	79550	7165	7787	210650	190521	77452	6964	9548	218522	196023	80555	7506	10198
job opportunity	201405	138614	112624	94565	10562	7596	142005	111004	93499	10474	12552	138917	108199	91085	9823	13037	143747	111579	92678	9958	13757
job posting	201405	55786	46353	23160	3905	2983	59010	48241	23805	4949	3185	56924	45846	22834	5612	3069	64174	52228	23893	6917	2423
we are hiring	201405	116424	64176	47950	14584	17796	107419	55027	47953	14613	15847	101244	52370	45818	13757	14137	108219	56332	49156	14804	16365
all	201406	4571323	4151776	1473984	240751	79531	4375065	3952087	1454870	235548	82277	4269504	3859251	1412832	225256	72971	4103459	3694453	1411177	221753	71215
all old	201406	524379	417374	243915	35174	42029	543226	430386	248352	36543	43495	521899	413148	239457	35318	37501	515602	408922	236973	35172	34966
hashtags	201406	4333159	4000610	1358606	216432	44523	4126614	3795929	1336377	209973	46096	4030372	3706018	1297353	200405	43388	3864800	3540034	1296090	196992	43537
job opening	201406	216212	191544	78807	7251	13802	216334	190981	80181	7178	14231	209629	188601	77500	6820	7845	210921	189190	77477	6816	8181
job opportunity	201406	141976	115325	95941	10250	9940	143949	116499	96750	10660	9668	140567	113226	94783	10556	8725	138614	112624	94565	10562	7596
job posting	201406	53977	42172	24957	4158	4101	57756	45798	25755	4283	4017	58447	46971	24866	4258	3837	55786	46353	23160	3905	2983
we are hiring	201406	117572	71290	50425	14090	15514	131696	80301	52081	15140	17630	119637	67696	48606	14389	18912	116424	64176	47950	14584	17796
all	201407	5458921	4988912	1616606	249751	89400	5186366	4724655	1557297	251087	86078	4863642	4419080	1543612	254694	80853	4659246	4230004	1494936	245283	81357
all old	201407	621501	492840	266109	38886	50206	563384	443352	249220	36158	48530	542160	434561	249452	36344	41333	535719	425908	248295	36108	42905
hashtags	201407	5193458	4830698	1495750	222342	45053	4936428	4574406	1442356	226075	43905	4624107	4266857	1427704	229691	46010	4415454	4075734	1377040	220282	45409
job opening	201407	248402	220100	79232	8640	15338	234539	207199	77070	8266	15561	232605	205495	80534	7953	15229	221402	196321	80318	7466	13820
job opportunity	201407	142050	118074	99303	9416	7434	140154	116323	97514	9423	8231	144269	118361	98243	10266	9463	144126	116656	97046	10450	10220
job posting	201407	50397	41272	24425	3757	2262	46314	38207	23017	3543	2137	48862	39771	23905	3845	2402	54920	42981	25466	4248	4143
we are hiring	201407	186829	116481	69632	17825	26122	147190	84612	57980	15531	23168	121671	74040	53240	14895	15136	120603	72968	51774	14517	15946
all	201408	6166454	5720227	1737402	234550	85101	5847875	5391449	1680431	242880	83676	5573994	5099398	1621324	240341	90325	5462315	4995979	1615960	247736	89010
all old	201408	784957	662486	358940	39480	48905	689382	568584	300551	40639	44900	650295	520422	274156	38711	51069	622846	494752	266523	38665	49966
hashtags	201408	5907058	5560492	1618896	208570	42625	5585805	5226581	1557467	214987	45478	5308642	4942274	1502313	213180	45236	5197337	4837911	1495468	220397	44831
job opening	201408	282123	246150	118179	8866	22949	259829	232177	91941	9019	13896	248028	219389	79607	8495	15465	248380	220111	79171	8584	15360
job opportunity	201408	190947	165261	141662	9776	8928	161841	134185	113022	9977	9503	142766	119251	101376	9045	6791	141345	117788	99074	9307	7208
job posting	201408	54761	46221	24672	4248	1898	56725	47080	25514	4366	2161	51925	42590	24449	3832	2255	50480	41330	24425	3737	2316
we are hiring	201408	261858	207751	117993	17218	15674	216938	158130	88218	18000	20269	213531	142060	78598	18065	27581	188798	118567	70304	17792	26032
all	201409	6373386	5905107	1878377	210783	81070	6656515	6236299	1913796	217791	83202	6565449	6137209	1863647	228661	83552	6166454	5720227	1737402	234550	85101
all old	201409	809738	693283	401819	37733	43428	917292	791146	450951	39233	47874	880383	753887	421910	40754	49730	784957	662486	358940	39480	48905
hashtags	201409	6109906	5736000	1750545	185118	45435	6383946	6067727	1786704	191966	41658	6292824	5967373	1737459	201862	40873	5907058	5560492	1618896	208570	42625
job opening	201409	327208	303490	160712	8570	10151	325703	293368	167350	8456	19029	303709	269883	147781	8802	21327	282123	246150	118179	8866	22949
job opportunity	201409	227441	196381	165734	9999	12644	242963	212747	184022	10136	11654	229276	199652	171423	10452	10501	190947	165261	141662	9776	8928
job posting	201409	59567	46798	25721	4018	2988	57464	45824	25171	4014	1795	57591	48856	25552	4339	2061	54761	46221	24672	4248	1898
we are hiring	201409	201307	151051	93977	15708	17919	296201	242594	139769	17211	15811	294936	238685	136508	17795	16433	261858	207751	117993	17218	15674
all	201410	8770487	8301891	2109446	237170	77864	7959782	7457941	1990996	228094	78528	7048142	6563919	1905562	220343	82026	6427256	5952480	1888012	213631	82649
all old	201410	921940	804346	474811	40079	38839	838077	731633	428236	38548	40021	803130	689880	401090	38266	42331	810930	692094	401594	38501	44401
hashtags	201410	8518749	8142008	1988906	212656	46580	7719430	7299139	1870334	203877	47066	6792681	6399176	1780215	195235	47156	6158656	5780320	1757868	187309	46233
job opening	201410	536351	499193	272018	12228	11730	469661	442300	231375	11148	11671	397778	371608	190974	10121	10880	330426	306524	161319	8777	10126
job opportunity	201410	238164	211990	173892	10920	8096	220614	195888	160578	10436	8112	216861	189456	157095	10087	10854	227479	195794	164596	10162	12977
job posting	201410	56891	46782	24718	3913	3811	58272	47500	25282	3930	4558	61237	47649	25781	4083	3657	60946	47850	26165	4156	3051
we are hiring	201410	97824	51140	45411	13734	16458	96976	51459	45684	13647	16621	134058	86751	62823	14539	17151	198164	146614	92340	15988	18537
all	201411	5206444	4857409	1692270	169450	66272	6403912	5985258	1852353	202394	72821	7754401	7309477	2001716	224246	77026	8770487	8301891	2109446	237170	77864
all old	201411	569630	466997	261426	31879	37221	707415	586664	337056	36285	39290	826099	707552	412417	37630	41879	921940	804346	474811	40079	38839
hashtags	201411	4958386	4694316	1580688	146029	34998	6138261	5818646	1736336	177258	40106	7499448	7148960	1884692	200271	42884	8518749	8142008	1988906	212656	46580
job opening	201411	243535	218937	91210	7477	9640	353218	316624	155765	9562	11034	456989	417982	220153	11001	14174	536351	499193	272018	12228	11730
job opportunity	201411	187205	161567	114437	8350	9604	208688	180360	134393	9638	9254	226572	199948	156479	10171	8739	238164	211990	173892	10920	8096
job posting	201411	48453	40838	22216	3445	2029	51044	42458	22617	3730	2606	52028	42959	23122	3632	3417	56891	46782	24718	3913	3811
we are hiring	201411	95387	48645	42492	13231	16872	99749	50458	44058	14099	17114	96272	50003	43792	13568	16724	97824	51140	45411	13734	16458
all	201412	4298022	4021428	1485965	132584	55105	4624436	4350764	1551133	137998	58182	4481242	4175560	1531363	142156	59169	5192392	4847300	1692298	167199	65885
all old	201412	454654	374152	217557	25267	30371	490609	405729	233221	26846	32642	492986	399589	229961	28834	32547	570342	467169	261714	31732	37434
hashtags	201412	4112883	3902547	1395244	113835	30781	4422810	4218865	1453494	118104	32105	4264267	4035299	1432261	120555	33086	4944147	4683754	1580442	143844	35294
job opening	201412	196747	178730	75515	5663	8365	210406	191700	80628	5948	8580	204604	185034	78685	6367	6606	243028	218695	91207	7387	9484
job opportunity	201412	143370	125588	94664	6511	6110	158373	138593	101714	6977	7546	161580	137428	99639	7568	9551	187865	161463	114212	8333	10079
job posting	201412	39533	33135	20087	2859	2031	42652	36118	21444	2936	1969	43590	36466	20780	3167	1984	48914	41088	22498	3429	2320
we are hiring	201412	80653	39758	35267	10977	15264	85189	42565	37757	11702	16212	89086	43798	38858	12456	15987	95642	48952	42720	13230	16539
all	201501	839045	777444	291654	22852	7467	2224820	2067089	775783	64557	23532	3912993	3662575	1326108	113410	44280	4235392	3963542	1466912	130315	53523
all old	201501	75535	63669	37254	3490	4371	216321	181145	105907	11149	12340	396974	332702	190844	20237	23952	443250	366185	212312	24428	28967
hashtags	201501	811433	759677	278459	20446	3872	2141058	2012735	734498	56453	13208	3758431	3561526	1249970	98671	24277	4057057	3849221	1379478	112286	29575
job opening	201501	30320	28237	11708	841	816	90960	84387	34784	2494	2305	174304	159173	65628	4762	7088	193070	175360	73519	5525	8328
job opportunity	201501	28190	25255	19461	955	1108	73001	64864	50494	2918	3066	128612	114932	87233	5226	4433	140004	123608	93370	6287	5372
job posting	201501	6044	4692	2797	354	762	18176	14812	8971	1297	1291	33328	27951	16484	2258	1846	37910	31928	19335	2781	1710
we are hiring	201501	11701	5759	4742	1402	2005	36362	18179	15734	4701	6262	64706	32863	28580	8455	11514	77627	38206	33927	10543	14892
