#Field:candidate	MonthId	NumTweets_Month1	NumDistinctTweets_Month1	NumDistinctUsers_Month1	NumPopularTweets_Month1	NumVerifiedTweets_Month1	NumTweets_Month2	NumDistinctTweets_Month2	NumDistinctUsers_Month2	NumPopularTweets_Month2	NumVerifiedTweets_Month2	NumTweets_Week1	NumDistinctTweets_Week1	NumDistinctUsers_Week1	NumPopularTweets_Week1	NumVerifiedTweets_Week1	NumTweets_Week2	NumDistinctTweets_Week2	NumDistinctUsers_Week2	NumPopularTweets_Week2	NumVerifiedTweets_Week2
all	201101	1276577	1262218	439033	9958	1790	0	0	0	0	0	480183	474728	144156	3719	899	407158	402240	149295	3382	440
all old	201101	246916	242430	56565	2453	534	0	0	0	0	0	142547	140849	21306	1047	163	64685	63079	18824	790	150
hashtags	201101	1046670	1036106	391937	7938	1268	0	0	0	0	0	343408	339396	126101	2833	740	347866	344367	133540	2711	290
job opening	201101	21964	20874	14847	610	171	0	0	0	0	0	6969	6587	4694	199	51	7172	6816	5126	195	51
job opportunity	201101	17025	16407	11922	376	48	0	0	0	0	0	5411	5175	3876	145	0	5649	5434	3948	117	27
job posting	201101	19746	19264	13649	293	93	0	0	0	0	0	6282	6070	4283	112	82	6670	6514	4622	103	3
we are hiring	201101	189223	186872	17181	1186	222	0	0	0	0	0	124364	123458	8834	597	30	45553	44653	5472	376	69
all	201102	1733612	1707752	626090	14101	7693	1121823	1108846	402484	9081	1399	418168	411019	169890	3802	1612	497572	489452	183058	4165	2897
all old	201102	223650	216123	74817	3292	1197	180191	176065	50509	2220	503	28145	26089	19058	872	164	39496	37252	21870	956	377
hashtags	201102	1536149	1516454	566465	11553	6732	957165	947656	360599	7271	904	396747	391289	154948	3132	1476	466032	459688	165715	3452	2576
job opening	201102	32216	29868	22083	975	300	20156	19188	13619	569	153	9575	8791	6583	246	39	10703	9859	7120	340	96
job opportunity	201102	24557	23459	17581	561	227	15639	15064	10917	341	48	6546	6214	4719	163	17	7829	7436	5512	151	184
job posting	201102	29862	28957	19457	429	94	18058	17596	12475	277	89	8219	8014	5201	102	60	8558	8297	5563	136	18
we are hiring	201102	138473	135227	17252	1343	580	127276	125101	14438	1044	213	4226	3443	2969	365	52	12820	12064	4143	335	79
all	201103	367792	357862	159328	3693	3980	1737088	1710283	637606	14417	8263	3779	3067	2461	162	332	13423	12192	9114	330	605
all old	201103	23448	21616	15535	729	210	202801	195138	74923	3309	1209	317	164	161	34	0	973	729	676	67	99
hashtags	201103	351214	342808	147614	3138	3818	1560857	1540308	578223	11871	7302	3509	2943	2340	133	332	12699	11682	8632	279	506
job opening	201103	7054	6605	4944	227	72	32741	30310	22397	994	300	43	36	34	3	0	239	211	201	19	9
job opportunity	201103	5658	5189	3997	145	52	25009	23873	17931	579	239	127	50	50	11	0	266	188	175	12	33
job posting	201103	7644	7478	4539	74	60	30242	29331	19667	436	94	56	51	50	3	0	304	235	211	9	57
we are hiring	201103	3386	2634	2407	286	26	116252	112997	16484	1316	580	96	31	31	18	0	181	112	107	27	0
all	201104	1162783	1137722	474311	10982	9470	367792	357862	159328	3693	3980	326982	324193	136870	1924	678	324097	315931	136970	3250	3290
all old	201104	75146	69462	48204	2112	1614	23448	21616	15535	729	210	20086	19522	13720	363	86	21820	19501	14112	691	682
hashtags	201104	1111561	1091190	438017	9413	8044	351214	342808	147614	3138	3818	313669	311304	126810	1674	600	309003	302744	126178	2739	2708
job opening	201104	24902	23078	14879	649	729	7054	6605	4944	227	72	7109	6950	4437	118	32	7782	6873	4653	220	470
job opportunity	201104	17462	16634	13178	406	237	5658	5189	3997	145	52	4842	4748	3744	73	15	4370	4121	3407	129	57
job posting	201104	25243	24767	14064	231	138	7644	7478	4539	74	60	6906	6867	3893	27	6	7251	7124	4249	74	30
we are hiring	201104	11927	9338	7388	838	515	3386	2634	2407	286	26	2541	2267	2022	147	34	3647	2607	2182	271	125
all	201105	825933	817802	365704	4704	2355	1181813	1156588	482860	11084	9490	120061	117465	65545	1304	523	205672	203507	95005	1270	642
all old	201105	52039	49908	35564	921	417	76347	70656	49048	2122	1614	7406	6674	5437	246	79	13230	12740	9358	259	72
hashtags	201105	791853	785532	339393	3997	1998	1129856	1109313	445960	9513	8064	114623	112699	61396	1093	448	196734	194982	87932	1058	594
job opening	201105	19745	19074	12401	252	88	25371	23531	15160	656	729	2232	1951	1636	51	6	4774	4613	3255	66	33
job opportunity	201105	11909	11652	8816	161	67	17729	16919	13416	407	237	2054	1982	1481	45	18	3009	2955	2164	35	3
job posting	201105	17594	17421	10243	106	24	25725	25249	14313	231	138	1975	1921	1553	35	6	4296	4225	2734	36	0
we are hiring	201105	6775	5668	5289	406	238	12060	9462	7506	840	515	1256	869	831	116	49	1748	1544	1448	122	36
all	201106	539477	523849	273782	6937	4194	825933	817802	365704	4704	2355	156745	152596	79162	2112	1090	146463	142206	75343	1817	1198
all old	201106	34698	30623	24579	1229	942	52039	49908	35564	921	417	12473	11378	8879	403	204	8315	7180	5930	321	400
hashtags	201106	514704	502684	256012	5937	3336	791853	785532	339393	3997	1998	148998	145805	73530	1785	922	139942	136699	70729	1557	826
job opening	201106	12645	11419	8828	258	261	19745	19074	12401	252	88	5499	5236	3806	79	60	2552	2335	1862	65	16
job opportunity	201106	7604	7068	5643	247	94	11909	11652	8816	161	67	2215	2049	1739	82	24	1987	1845	1470	66	61
job posting	201106	8638	8385	6726	127	30	17594	17421	10243	106	24	2996	2897	2241	50	9	2042	1972	1652	31	9
we are hiring	201106	6074	3990	3705	603	557	6775	5668	5289	406	238	1827	1255	1201	195	111	1813	1088	1021	162	314
all	201107	1005915	971892	485586	15601	4940	547077	531064	276106	7083	4392	353645	342359	161564	5419	1336	275854	266051	132126	4523	1267
all old	201107	81442	75665	55161	2172	1196	35632	31499	25225	1240	988	29577	27975	19437	728	282	23284	21333	15039	587	403
hashtags	201107	958145	929075	450564	13896	3904	521983	509633	258127	6075	3492	337086	327175	149317	4845	1078	261935	253888	122371	4069	880
job opening	201107	35671	34563	23775	521	115	13329	12092	9296	263	261	12975	12659	8209	184	36	9636	9321	6184	138	20
job opportunity	201107	16465	15399	11614	508	284	7616	7083	5693	248	95	5581	5237	4049	167	69	5310	5037	3257	148	51
job posting	201107	19108	18538	13273	253	126	8805	8545	6841	131	30	7684	7467	4872	94	45	5165	4958	3721	75	63
we are hiring	201107	10573	7523	7017	900	675	6139	4012	3725	604	602	3447	2717	2498	286	132	3294	2135	2006	229	269
all	201108	1311945	1277202	595510	16800	8212	1030135	995485	496271	16023	4857	342334	333960	157119	4148	2442	430611	421609	179307	4536	2724
all old	201108	106554	99512	68789	2804	2107	84074	78212	56768	2240	1171	28075	26442	17273	763	302	33176	30889	21429	837	1018
hashtags	201108	1252982	1224348	553043	14580	6258	980949	951325	460247	14259	3842	328510	321491	146728	3558	2192	411060	404038	165908	3865	1778
job opening	201108	49918	47905	29745	656	1073	36815	35685	24405	540	121	13830	13459	7319	167	131	15332	14342	9157	205	738
job opportunity	201108	21690	20532	15080	637	168	17092	15994	12011	526	277	5839	5526	3846	178	63	7049	6765	4878	199	56
job posting	201108	22483	21872	15724	294	178	19708	19123	13614	258	129	5361	5246	4011	78	15	7232	7066	4909	90	47
we are hiring	201108	13211	9823	9174	1242	766	10876	7810	7279	926	648	3232	2374	2263	346	97	3729	2864	2691	350	193
all	201109	1346840	1304623	609964	16692	18436	1311945	1277202	595510	16800	8212	328423	319566	152848	4125	3106	347227	337162	159926	4260	4286
all old	201109	103313	94713	64629	2765	3026	106554	99512	68789	2804	2107	24936	22039	15658	733	1148	25946	23595	16932	679	1100
hashtags	201109	1289512	1254653	569663	14583	15702	1252982	1224348	553043	14580	6258	313499	307232	142926	3538	2046	332188	324081	149441	3764	3314
job opening	201109	46584	44236	26487	669	1303	49918	47905	29745	656	1073	11003	10081	6298	181	654	10731	10320	6847	135	199
job opportunity	201109	22342	21144	15244	590	299	21690	20532	15080	637	168	4733	4432	3428	133	89	5659	5300	3948	162	133
job posting	201109	21453	20747	15365	305	368	22483	21872	15724	294	178	5399	5097	3849	93	220	5920	5619	4147	93	189
we are hiring	201109	13620	9228	8207	1219	1060	13211	9823	9174	1242	766	4006	2614	2266	333	189	3764	2477	2151	292	579
all	201110	1030745	993573	505481	13196	18279	1340552	1299404	604621	16291	18099	256187	245501	127906	3550	5703	274242	264302	132836	3644	4725
all old	201110	73385	65497	48902	2287	3605	101267	92879	63171	2666	2991	20705	17615	13017	672	1807	19148	17163	13093	671	685
hashtags	201110	987007	956753	474715	11409	14962	1284182	1250219	565065	14254	15404	243699	235772	119653	3037	4004	262534	254267	124478	3132	4156
job opening	201110	32678	31459	20776	525	402	45358	43089	25639	628	1289	9126	8804	5478	147	84	8620	8248	5880	187	152
job opportunity	201110	13936	12891	10775	511	237	21966	20805	14967	569	293	3581	3240	2823	164	93	3710	3428	2792	143	51
job posting	201110	15259	14575	11423	242	286	21230	20530	15180	301	368	4332	3960	3210	75	241	3848	3745	2880	62	19
we are hiring	201110	12091	7130	6470	1021	2688	13390	9096	8050	1184	1045	3805	1742	1642	290	1393	3140	1905	1697	280	471
all	201111	923862	897493	457144	10788	10173	1030745	993573	505481	13196	18279	292905	286453	139014	3298	747	236448	231891	117212	2265	863
all old	201111	64759	58413	43048	2137	1807	73385	65497	48902	2287	3605	21686	19685	13663	692	401	15656	14391	10849	478	115
hashtags	201111	885247	864240	429557	9109	8574	987007	956753	474715	11409	14962	280176	275425	130235	2742	390	226780	223292	110072	1869	776
job opening	201111	30898	29323	19023	497	657	32678	31459	20776	525	402	10406	10128	5956	143	35	7305	7013	4815	117	63
job opportunity	201111	12617	11357	9602	501	382	13936	12891	10775	511	237	4320	3683	3081	169	306	3194	2967	2484	101	12
job posting	201111	13037	12340	9457	207	423	15259	14575	11423	242	286	4146	4049	2985	55	18	3334	3241	2404	37	12
we are hiring	201111	8902	6066	5524	944	345	12091	7130	6470	1021	2688	3054	2061	1855	328	42	2060	1405	1296	224	28
all	201112	1761925	1731129	772825	18708	2603	885445	860348	442296	10164	9540	446299	439037	200886	4761	423	592635	583432	252791	5906	753
all old	201112	119535	111451	76446	3699	643	60481	54331	40679	2035	1764	28809	26941	18072	904	141	39592	37249	24994	1145	237
hashtags	201112	1686698	1662769	721838	15731	2178	848720	828839	416038	8554	7980	427640	421975	188663	4022	330	568082	560809	235861	5000	598
job opening	201112	52769	50899	31554	856	237	28407	26871	17922	475	657	11835	11348	7084	188	54	17704	17120	10093	309	107
job opportunity	201112	25115	23190	18309	976	237	12001	10762	9105	476	383	5991	5602	4498	222	48	8213	7650	6051	308	81
job posting	201112	25421	24819	17194	374	67	12360	11681	9008	203	396	6381	6244	4298	79	15	8744	8591	5994	110	12
we are hiring	201112	16902	13188	10156	1510	104	8382	5664	5165	893	328	4753	3894	2383	418	24	5140	4092	3111	421	39
all	201201	3039971	2994228	1049763	26397	8884	1768471	1737841	775224	18633	2601	953263	935001	312575	8642	6698	711401	699366	292843	7619	1186
all old	201201	661591	647540	146015	6359	3558	119431	111380	76452	3671	645	300913	294951	47926	2128	2708	68387	65060	36766	1566	462
hashtags	201201	2443130	2409706	939556	20977	5738	1693148	1669365	724177	15675	2182	672528	659634	276084	6824	4158	662359	653158	267047	6326	808
job opening	201201	177757	175371	50359	1253	536	52553	50682	31550	855	238	127226	126183	19388	566	326	21699	21106	13327	315	97
job opportunity	201201	39176	36385	28209	1284	683	25173	23260	18344	967	238	11785	10975	8578	396	197	11432	10574	8450	399	296
job posting	201201	36876	35919	23494	497	130	25601	24992	17270	374	67	11366	11035	7068	173	81	10503	10285	6789	139	21
we are hiring	201201	413238	405264	45646	3353	2217	16779	13094	10059	1492	104	155099	151291	13703	1010	2112	25285	23618	8663	719	48
all	201202	2838985	2780613	1133014	29775	17704	2970822	2929268	1024572	25182	6742	679356	665261	296605	7250	3709	695202	683294	279352	6528	2893
all old	201202	444994	427790	149172	6584	5379	654660	641482	141871	6082	3198	68952	64195	38101	1757	1186	96265	92308	36844	1663	1165
hashtags	201202	2475094	2431398	1027625	24465	13190	2378071	2348041	916884	19988	3944	630786	620734	269754	5858	2791	617770	609178	253621	5182	2008
job opening	201202	124720	120918	57634	1395	1255	174806	172724	48596	1199	323	25115	23686	14793	408	306	23634	22765	13999	329	291
job opportunity	201202	52507	49223	32825	1656	591	37464	34822	27111	1226	645	12764	11897	8575	455	118	12050	11245	8077	430	160
job posting	201202	41831	40745	26256	641	199	35902	34992	22909	475	118	10623	10352	6778	165	67	10603	10282	6777	189	41
we are hiring	201202	233715	224491	36273	2978	3388	411898	404299	44894	3209	2120	21193	18954	9348	751	720	51947	49918	8663	756	673
all	201203	3130576	3078651	1189655	27413	18210	2835468	2776275	1134890	29850	18446	923774	911025	290564	6813	4477	993560	980236	320398	7448	4215
all old	201203	760612	744714	152506	6688	5714	434614	417148	148537	6619	5555	367860	363267	45124	1906	1779	375257	370664	44936	2071	1721
hashtags	201203	2460448	2422271	1079668	21925	13246	2481448	2437189	1030123	24514	13768	581871	573179	255165	5220	2850	643119	633926	285635	5665	2614
job opening	201203	135546	131928	63065	1476	1642	114089	110252	56929	1409	1278	66739	65745	23022	452	332	39893	38808	16879	364	579
job opportunity	201203	69036	64908	34469	1576	1742	52812	49539	32921	1662	582	22731	21188	8836	381	977	20692	19829	8685	429	226
job posting	201203	37935	36786	24989	622	300	41578	40468	26200	657	205	8522	8306	5837	156	39	9190	8907	6212	162	89
we are hiring	201203	521114	513868	44718	3115	2096	233908	224468	36296	2980	3552	270344	268459	18718	935	435	305860	303462	18196	1135	835
all	201204	2678670	2626681	1122674	26927	15369	3130576	3078651	1189655	27413	18210	700901	685049	308366	8651	4361	671710	657019	296632	7197	4203
all old	201204	453303	435658	135310	6023	6111	760612	744714	152506	6688	5714	83951	79175	36726	1931	1359	85828	81075	35611	1660	1777
hashtags	201204	2348574	2311811	1029369	22186	10093	2460448	2422271	1079668	21925	13246	658944	646985	284556	7154	3345	624044	613368	272742	5897	2793
job opening	201204	127939	122963	54713	1388	2012	135546	131928	63065	1476	1642	29473	28373	13651	420	448	27167	26059	13047	406	504
job opportunity	201204	85987	81134	32383	1624	2078	69036	64908	34469	1576	1742	27309	26035	10059	583	435	24519	23456	8522	420	265
job posting	201204	36575	35312	25036	631	380	37935	36786	24989	622	300	10811	10267	7221	221	200	10832	10392	7486	175	204
we are hiring	201204	205237	197889	32666	2495	2306	521114	513868	44718	3115	2096	16949	14987	6235	751	345	23877	21672	6997	685	819
all	201205	2893724	2810965	1198462	36947	19757	2686891	2634193	1136562	27761	15079	654998	630397	281812	10492	5210	733385	708192	278877	10130	5193
all old	201205	417788	391965	146039	8161	6147	426705	409347	136090	6227	5477	104917	97772	37376	2307	1468	81817	74193	35306	2148	1163
hashtags	201205	2644177	2583768	1106068	30565	14280	2386305	2348485	1043806	22852	10433	592243	573751	257733	8705	3947	694548	675931	256803	8467	4200
job opening	201205	236095	230382	67235	1881	2049	120247	115257	53695	1405	1999	63448	61979	18238	522	298	38334	37079	15872	460	352
job opportunity	201205	108018	99757	37755	2392	1572	86792	82655	33640	1701	1242	24986	23045	8787	669	408	27380	24298	9291	613	328
job posting	201205	36163	34292	24436	891	407	37085	35778	25400	663	383	9017	8491	6223	239	80	8703	8181	5891	244	92
we are hiring	201205	40724	30257	19089	3148	2260	185091	177366	30803	2579	2518	8775	5393	4727	918	739	8328	5442	4883	876	437
all	201206	2392102	2341983	1109108	25807	13850	2893724	2810965	1198462	36947	19757	580396	568426	273267	6064	3554	621681	610879	294699	6088	2845
all old	201206	266136	251732	129002	5696	3399	417788	391965	146039	8161	6147	67490	63810	32519	1373	1222	67459	64324	32566	1366	527
hashtags	201206	2261708	2223882	1026978	21272	11088	2644177	2583768	1106068	30565	14280	547899	539041	252457	5003	2554	589609	581408	274119	5018	2461
job opening	201206	122209	118369	60480	1355	1317	236095	230382	67235	1881	2049	32399	31195	15962	391	762	30450	29769	15148	302	149
job opportunity	201206	90586	87223	32624	1649	678	108018	99757	37755	2392	1572	22299	21619	7939	378	105	23527	22756	8451	414	167
job posting	201206	32154	30853	21911	562	331	36163	34292	24436	891	407	7893	7479	5214	112	65	8272	8024	5641	130	78
we are hiring	201206	25870	19675	16878	2239	1205	40724	30257	19089	3148	2260	6200	4768	4220	516	324	6355	4863	4183	547	148
all	201207	2400493	2352046	1144258	23860	13854	2328430	2281633	1084217	24468	12962	651379	638518	312277	6132	3360	635227	621517	300987	6577	4233
all old	201207	274818	259284	140438	5466	4118	258405	245101	125292	5379	3077	68445	63191	34209	1506	958	72142	67642	36715	1581	1537
hashtags	201207	2254617	2217709	1050348	19545	10473	2202184	2166708	1004438	20196	10473	616978	606961	290300	4937	2587	597779	587879	277257	5324	3012
job opening	201207	129832	126640	65461	1189	1485	118566	114994	58887	1283	1254	29728	29055	14468	288	289	34664	33225	16776	366	841
job opportunity	201207	87351	82153	37473	1466	590	88572	85400	31742	1575	606	22940	20325	9172	399	114	21308	20150	8957	417	229
job posting	201207	36486	34862	26085	693	707	31317	30093	21301	527	325	9371	8859	6533	237	205	10226	9866	7273	200	61
we are hiring	201207	26232	20507	17526	2211	1397	24416	18861	16225	2092	999	7254	5741	4910	607	363	7146	5543	4801	627	426
all	201208	3181419	3115099	1445513	35408	21923	2468977	2419540	1174980	24240	14272	818914	800400	368540	10179	5902	822610	805892	370050	9689	4524
all old	201208	269182	248498	140391	7313	8683	281471	265724	145362	5559	4274	59453	53615	31701	2011	2776	59382	54921	31264	1905	1360
hashtags	201208	3017688	2968668	1354658	29789	14432	2318206	2280476	1077397	19853	10771	782877	769110	349270	8647	3607	787255	774063	350845	8268	3505
job opening	201208	137748	132100	64353	1721	3290	133794	130539	68055	1216	1520	28434	27213	13110	424	693	30183	29411	13191	412	212
job opportunity	201208	58274	54487	34431	1801	949	88561	83277	38758	1484	672	11148	10224	7794	495	242	10575	9590	7289	460	258
job posting	201208	43985	41963	27002	853	1034	37212	35569	26551	707	713	11456	10963	6427	231	228	10862	10419	6435	199	225
we are hiring	201208	32686	23083	20044	3016	3618	27119	21340	18195	2250	1430	9169	5708	5173	895	1774	8278	5967	5086	854	698
all	201209	3015917	2935058	1356810	41075	22993	3181419	3115099	1445513	35408	21923	852793	832309	396748	11489	6238	725469	703346	321454	10714	6068
all old	201209	302652	280604	138589	8230	7253	269182	248498	140391	7313	8683	91010	85388	39207	2219	1802	80100	74357	36038	2186	2334
hashtags	201209	2853436	2789349	1270931	35040	16857	3017688	2968668	1354658	29789	14432	804585	788541	372520	9882	4806	682600	665280	298884	9124	3967
job opening	201209	144989	138984	63804	1949	1833	137748	132100	64353	1721	3290	45518	44488	18845	572	208	37541	35991	16713	514	824
job opportunity	201209	80743	75520	33197	2361	1530	58274	54487	34431	1801	949	23869	22473	8917	585	520	22969	21433	8639	667	525
job posting	201209	52451	50210	26342	987	930	43985	41963	27002	853	1034	15527	14892	7304	293	264	13925	13254	6940	272	337
we are hiring	201209	31360	22280	19447	3061	3303	32686	23083	20044	3016	3618	8986	6370	5424	799	824	7692	5606	4904	772	711
all	201210	3290228	3198538	1449552	47068	27109	3031782	2949785	1362688	41715	23227	818029	795943	360148	10332	6781	843247	815203	364296	12460	8741
all old	201210	350650	324265	162950	9326	10796	308673	286363	140786	8414	7229	92510	86179	44330	2083	3223	83621	74644	40247	2512	4291
hashtags	201210	3108882	3039090	1349659	40249	17783	2866159	2801142	1275195	35541	17095	771077	754401	332645	8773	3818	796910	776675	339842	10577	4942
job opening	201210	165810	158474	75646	2247	3210	148202	142134	65031	1994	1814	41914	40474	19287	445	791	43037	39025	19865	685	1990
job opportunity	201210	94160	88268	38706	2533	2307	82827	77515	33686	2407	1554	26403	25046	11649	631	545	17842	16322	8700	613	774
job posting	201210	58168	55749	29775	1087	1143	53015	50707	26563	1019	960	14006	13639	7521	201	109	14219	13628	7311	279	284
we are hiring	201210	39604	28355	23493	3637	4476	31844	22706	19783	3130	3264	11441	8162	6978	852	1858	9935	6901	5546	985	1355
all	201211	2892896	2806151	1294535	44227	25982	3290228	3198538	1449552	47068	27109	709370	691560	321813	9888	4403	778985	756786	341491	11924	5735
all old	201211	307779	286166	152091	8850	6970	350650	324265	162950	9326	10796	66108	61770	33291	1866	1107	83083	76663	40810	2577	2531
hashtags	201211	2728154	2659148	1197822	37705	20002	3108882	3039090	1349659	40249	17783	672209	657860	300501	8539	3467	735032	717997	315420	10014	3716
job opening	201211	140009	135162	66472	2086	1841	165810	158474	75646	2247	3210	31701	30792	14781	434	237	35610	34120	17422	574	783
job opportunity	201211	84850	79794	38787	2576	1264	94160	88268	38706	2533	2307	16295	15140	8432	574	230	25027	23608	10643	771	343
job posting	201211	50986	48809	27828	1030	883	58168	55749	29775	1087	1143	11702	11262	6213	211	195	13324	12631	7376	297	383
we are hiring	201211	36273	26342	23074	3311	3080	39604	28355	23493	3637	4476	7468	5551	4881	687	460	10274	7371	6480	984	1066
all	201212	2557963	2474533	1117765	46924	22071	2851965	2766910	1276876	43520	25485	650560	634646	288533	8807	3954	691780	667540	302215	13719	6101
all old	201212	293584	271061	139102	8965	7653	299275	278338	148135	8545	6817	71924	67319	32943	1857	1530	82982	75925	39362	2543	2771
hashtags	201212	2403951	2338485	1029978	40562	15967	2690767	2622902	1182368	37219	19638	614303	602200	268112	7414	2713	647814	629448	277281	11891	3690
job opening	201212	129285	124317	59747	2112	1828	136806	132012	64801	2032	1862	31293	30564	14126	377	256	35551	34071	16944	575	594
job opportunity	201212	83488	78321	35536	2708	1171	81380	76491	37661	2485	1220	21502	20478	8523	520	234	24423	22870	10032	757	390
job posting	201212	49533	47217	26080	1108	886	50177	48075	27261	994	865	11805	11281	6132	231	116	13999	13177	7516	373	399
we are hiring	201212	35126	24613	21462	3210	3975	35138	25613	22416	3177	2952	8257	5814	5071	776	987	10084	6757	5914	880	1456
all	201301	2660849	2552484	1146822	34884	19151	2551020	2468555	1114275	46169	21923	772354	749816	330484	11483	5582	790326	731575	333566	11062	6576
all old	201301	339122	287549	145110	9000	8987	293921	271395	138745	8926	7619	91477	83823	43418	2932	2246	120985	86347	45127	2981	3526
hashtags	201301	2472918	2409546	1053945	27909	11488	2397218	2332731	1026774	39840	15849	722473	706231	302542	9232	3836	716980	689146	304547	8715	3342
job opening	201301	134142	128645	61082	1804	2055	129477	124491	59667	2090	1779	37556	36349	17517	535	246	40820	39173	18766	568	842
job opportunity	201301	119647	87692	38831	2617	1732	83945	78785	35449	2707	1174	26744	24960	11332	848	480	53880	26000	12276	842	536
job posting	201301	52425	49589	26608	1079	1388	49374	47060	26047	1104	892	16839	15903	8782	388	369	15471	14189	8064	364	842
we are hiring	201301	37063	25201	22529	3698	4080	34962	24454	21304	3199	3981	11688	7780	6937	1229	1235	12016	8004	7148	1269	1402
all	201302	2947736	2806831	1261253	61312	36926	2567131	2464547	1111036	32233	17300	765634	722445	335366	19447	7548	767367	716528	327807	17913	16713
all old	201302	374567	329686	180752	13068	21576	322507	273409	137198	8162	8308	96790	85741	51063	3903	4050	99765	83710	46720	3655	10133
hashtags	201302	2736920	2634936	1143867	51430	17272	2387923	2328188	1022988	25897	10238	710926	677045	302231	16558	4000	708464	671854	296821	15173	7302
job opening	201302	161022	146375	74843	2825	9572	128728	123510	57981	1663	2011	40203	37569	20185	814	695	46546	37947	20707	959	7178
job opportunity	201302	105377	97111	46797	3527	2523	113617	82196	36645	2384	1636	26165	24181	12731	1055	321	27429	25239	12308	1022	649
job posting	201302	61118	56660	32904	1722	1856	50121	47712	25471	967	1168	15544	14101	9320	537	772	14504	13654	7636	430	257
we are hiring	201302	52511	34303	30812	5253	8006	33891	23330	20873	3333	3731	16270	11083	10055	1565	2371	12667	8056	7241	1320	2191
all	201303	2866916	2717573	1331597	76685	26053	2936047	2793806	1259223	62498	37246	673599	639632	318498	18834	5565	701721	665611	329906	19456	6647
all old	201303	377695	333395	206360	14604	11353	374535	329850	181581	13147	21582	88430	78615	46899	3539	2027	91003	80903	51680	3532	3331
hashtags	201303	2679675	2567702	1225497	66453	16397	2725864	2622335	1142206	52590	17578	632012	606026	294621	16432	3987	658125	630470	304760	17060	3616
job opening	201303	131468	124706	64805	2922	2239	160130	145607	74920	2871	9619	30860	29682	14863	622	400	30981	28829	15662	775	867
job opportunity	201303	102941	85217	45190	4624	2713	104976	96642	46748	3544	2574	24574	21436	10564	1219	398	22417	20110	10416	1109	690
job posting	201303	53479	48778	28801	1765	1194	61087	56637	32426	1733	1836	12948	10918	6638	456	157	13270	11248	6814	381	396
we are hiring	201303	94037	78306	72197	5557	5444	53789	35712	32105	5255	7942	21082	17455	16001	1311	1121	25294	21523	19890	1323	1442
all	201304	2721320	2589542	1245918	72101	27092	2866916	2717573	1331597	76685	26053	804284	770156	361390	19830	8186	819127	788090	367450	19650	6251
all old	201304	332030	298918	165623	13376	10580	377695	333395	206360	14604	11353	99404	91327	49977	3740	2284	102493	93586	51817	3648	2645
hashtags	201304	2546285	2440905	1140625	62790	18309	2679675	2567702	1225497	66453	16397	753459	725403	329756	17293	6434	764911	741107	333831	17062	4087
job opening	201304	129879	123588	63058	2551	2574	131468	124706	64805	2922	2239	38990	37293	17862	674	718	40019	38291	19550	697	829
job opportunity	201304	102056	92132	45000	4638	1807	102941	85217	45190	4624	2713	29862	27587	13757	1289	467	32477	29310	13767	1300	509
job posting	201304	48860	46028	28151	1541	895	53479	48778	28801	1765	1194	15113	14298	8676	468	269	15349	14599	9131	424	247
we are hiring	201304	54802	40200	33852	4884	5533	94037	78306	72197	5557	5444	16065	12657	10869	1363	842	15775	12384	10751	1301	1093
all	201305	2941369	2804177	1339728	74246	52200	2776102	2642830	1269199	73543	27608	723489	689561	344269	18515	13415	704501	668390	327768	17880	16307
all old	201305	375267	337743	182173	14288	15898	338796	305076	169533	13725	10926	96143	87467	46673	3673	2889	97457	86910	46263	3747	5059
hashtags	201305	2747764	2640055	1225322	64476	39504	2597635	2491003	1161670	63973	18759	675241	648088	315417	15960	11235	654576	627003	298763	15367	11961
job opening	201305	134022	128311	61564	2482	2626	132778	126288	64377	2624	2703	33693	32378	15734	602	616	32079	30873	14868	605	457
job opportunity	201305	114815	102677	50160	4845	5171	102912	93110	45903	4685	1832	29460	26831	12986	1246	459	31946	28107	12612	1318	2077
job posting	201305	56483	53169	31437	1664	1369	49865	46943	28765	1586	934	13945	13052	7407	411	412	14346	13565	7817	423	251
we are hiring	201305	72805	55903	43200	5500	7028	56976	41798	35013	5091	5806	19629	15674	11535	1474	1455	19794	14944	11656	1462	2311
all	201306	2483262	2350350	1207291	67512	53673	2941369	2804177	1339728	74246	52200	542310	506179	256837	18316	13948	624563	590944	314182	17626	13801
all old	201306	332022	297375	166948	14047	11529	375267	337743	182173	14288	15898	68498	59991	38560	3532	3020	78672	69346	41121	3824	3011
hashtags	201306	2312371	2207117	1102382	57891	43852	2747764	2640055	1225322	64476	39504	504956	475589	232729	15916	11376	582944	556596	287986	15142	11295
job opening	201306	120108	112568	57161	2712	3273	134022	128311	61564	2482	2626	27640	25787	13471	727	834	29922	27561	14119	727	1056
job opportunity	201306	93932	85231	44198	4474	1698	114815	102677	50160	4845	5171	16435	14254	10314	1132	535	20750	18540	11009	1221	393
job posting	201306	51218	47764	29028	1882	930	56483	53169	31437	1664	1369	10775	10033	6506	461	121	13084	12047	7335	607	267
we are hiring	201306	69027	53684	40704	5153	5706	72805	55903	43200	5500	7028	14119	10296	9225	1252	1534	15619	11795	9690	1313	1316
all	201307	2196122	2050760	995390	74269	55813	2469506	2335383	1202834	68251	53735	575769	528382	260493	23929	17093	566098	527028	253294	20934	12952
all old	201307	291154	252078	163111	15269	14543	330171	295372	167065	14117	11667	77803	65884	44209	5209	3701	78019	66359	44170	4417	3906
hashtags	201307	2033661	1919276	894102	64132	43626	2299333	2192718	1097892	58607	44064	529762	491592	232675	20429	14096	521445	491831	225883	17998	9510
job opening	201307	112586	105336	57148	2960	3322	120350	112776	57269	2736	3262	27741	25658	15793	1122	632	30422	27657	15957	938	1393
job opportunity	201307	69725	60539	43083	4258	2625	92630	83782	44317	4505	1845	19518	16696	11627	1470	526	18583	15847	11549	1165	668
job posting	201307	49450	43359	26828	2776	2546	50904	47527	28993	1881	882	14287	12635	7587	810	637	12446	11225	6779	871	126
we are hiring	201307	63544	46223	40688	5575	6282	68588	53174	40633	5179	5756	17662	12053	10481	1923	1918	17756	12500	11048	1546	1855
all	201308	2615978	2300655	1113707	173934	64085	2192316	2044686	989562	75083	55847	689996	605639	293229	46396	15526	677486	598335	290621	45041	15363
all old	201308	350021	272870	168827	28448	21731	292257	252181	163282	15529	14757	89346	68218	41956	7301	5436	87527	69563	41505	6821	4491
hashtags	201308	2417809	2163997	1009234	154159	46602	2028280	1912679	888033	64762	43234	639369	571992	267235	41263	11406	630289	565253	264960	40352	12040
job opening	201308	130458	115939	60031	6526	4105	112423	105044	57294	3058	3376	33153	29485	14895	1790	980	35309	31829	15135	1641	887
job opportunity	201308	84726	65205	44893	7845	5357	69999	60720	43096	4308	2522	20748	15764	11196	1944	979	20317	15733	10902	1798	913
job posting	201308	56614	48115	26406	4287	2055	49792	43624	26872	2808	2509	13847	11775	6339	1230	238	13338	11230	6050	998	587
we are hiring	201308	84392	48221	43243	10566	10562	64246	46222	40696	5657	6582	23321	12351	10971	2663	3393	20074	11922	10832	2544	2196
all	201309	2725740	2379610	1128945	203335	61125	2615978	2300655	1113707	173934	64085	742389	644939	305874	57582	16073	753067	653667	304764	60428	17742
all old	201309	345856	261976	161920	32614	27251	350021	272870	168827	28448	21731	99552	75389	43871	9590	7515	104528	78715	45199	10468	8517
hashtags	201309	2525807	2247604	1027045	180300	37092	2417809	2163997	1009234	154159	46602	685747	608509	277966	50557	9159	695777	617069	276369	52999	10342
job opening	201309	135994	116526	59001	8318	7974	130458	115939	60031	6526	4105	41424	36697	16428	2201	1379	45024	38849	16957	2467	2843
job opportunity	201309	77178	59105	41081	7149	4983	84726	65205	44893	7845	5357	19502	14895	10545	1802	1456	21643	16318	11047	2066	1566
job posting	201309	53636	42623	23768	6919	1412	56614	48115	26406	4287	2055	16083	11361	6398	2870	543	15076	11519	6662	2389	431
we are hiring	201309	85099	47405	42726	11310	13657	84392	48221	43243	10566	10562	23686	13219	11656	2919	4164	24623	13012	11728	3865	4087
all	201310	2907488	2568375	1183297	199454	58335	2763867	2412879	1143556	207394	62705	744089	677360	307537	36974	15756	734465	649315	300767	49123	16562
all old	201310	364739	280873	167674	32665	25787	354412	268259	165622	33643	27973	100570	79144	45836	7359	6910	98805	72308	43603	8346	9374
hashtags	201310	2702211	2432318	1080035	175283	36710	2558732	2277815	1039282	183501	37874	688559	640264	279842	31378	9658	676872	614248	274483	43143	8168
job opening	201310	143632	126250	59431	6548	6214	139441	119712	60364	8476	8067	42205	35677	15660	1352	2551	36394	30403	14499	1493	2151
job opportunity	201310	80380	61943	42440	6460	5555	79293	60420	42085	7398	5456	23266	18279	12428	1552	2171	23956	17602	12155	1585	1853
job posting	201310	59655	45627	27269	9527	1272	54887	43436	24261	7199	1486	15981	12852	7840	1983	575	16027	12171	7261	2604	427
we are hiring	201310	86119	49342	43264	10705	14570	86777	48296	43557	11638	13759	21404	12946	11198	2624	3049	24482	12697	10860	2800	6173
all	201311	2887922	2634543	1167740	140344	60440	2907488	2568375	1183297	199454	58335	733181	667280	299707	37053	16686	704997	643960	284206	33443	12472
all old	201311	415404	339202	205365	26039	30404	364739	280873	167674	32665	25787	114776	94800	56850	6590	9130	107604	90759	54004	6405	4982
hashtags	201311	2690919	2501963	1070644	120604	33782	2702211	2432318	1080035	175283	36710	681748	632323	274354	32158	8939	659294	612132	261209	28747	8214
job opening	201311	151842	137638	72746	4836	6938	143632	126250	59431	6548	6214	41009	35341	20246	1273	3868	35779	32869	18810	1190	1193
job opportunity	201311	110969	95020	73735	6407	4860	80380	61943	42440	6460	5555	30364	26517	21147	1599	1211	29906	26170	21382	1579	766
job posting	201311	68779	59567	23104	5444	2230	59655	45627	27269	9527	1272	23706	20947	6303	1458	815	22581	20181	5381	1387	626
we are hiring	201311	87336	49052	42861	9822	17108	86119	49342	43264	10705	14570	20704	12592	11138	2375	3481	20127	12009	10470	2364	2541
all	201312	2775332	2527796	1203268	132359	51886	2851025	2601400	1153406	138246	59353	691397	632933	297709	31112	12521	787921	714262	359378	36663	15341
all old	201312	390383	322142	207379	22961	22502	409403	334916	203437	25366	29513	92594	75910	50171	5096	6041	105271	87123	57959	6521	6287
hashtags	201312	2599770	2409117	1115944	115339	33419	2658480	2471696	1058555	119104	33534	648974	604828	277076	27270	7261	739086	680515	334274	31701	10047
job opening	201312	153808	134849	75706	4847	7779	148156	134428	71738	4648	6671	38649	33976	18935	1178	1027	43068	37765	21633	1412	3152
job opportunity	201312	117885	103324	82244	5485	4001	110726	95159	74129	6275	4791	28936	25387	20408	1222	1387	32371	28274	22666	1545	1020
job posting	201312	51660	43832	20462	4635	1425	68108	59090	22599	5327	2251	8440	7067	4312	762	380	11475	9562	5412	1274	299
we are hiring	201312	70242	41982	36766	8408	10060	85803	48226	42045	9567	16524	17176	9863	8480	2002	3364	19309	12017	10373	2407	2089
all	201401	2762866	2449912	1152111	149736	63525	2772888	2526574	1203352	131801	51740	689540	606872	285566	42358	18897	776987	680148	317029	44888	21698
all old	201401	412713	321274	210554	28992	34590	388515	321034	206896	22757	22538	106420	78038	54031	8931	10767	122587	93073	59644	9135	11212
hashtags	201401	2547034	2312082	1048271	126994	33503	2598884	2408702	1116675	114953	33252	624596	566295	254942	35258	9505	710043	638445	285153	37612	12060
job opening	201401	156426	134583	80050	5668	12712	153606	134626	75663	4862	7778	36817	30414	20333	1711	3740	45187	38836	23099	1780	3639
job opportunity	201401	115701	96383	75643	6688	5952	117823	103349	82259	5432	4074	28571	21928	16322	2050	2311	32088	25042	19653	2145	2371
job posting	201401	54038	44667	20239	5509	1701	50895	43206	20264	4553	1359	14666	11777	6300	1719	500	19008	15715	6207	1656	819
we are hiring	201401	91286	48013	41755	11695	15300	69393	41709	36543	8317	10073	28088	14704	12579	3692	4635	27924	14254	12489	3714	4781
all	201402	3040452	2681759	1155589	178486	78999	2735251	2432602	1143384	145318	60345	835646	737737	296668	46563	21595	791248	699862	304443	45917	19000
all old	201402	421416	312219	210055	35293	36409	404066	317615	207129	27442	32966	117027	85412	54046	9001	11239	107544	80790	55300	9047	8004
hashtags	201402	2793157	2526163	1041462	151397	47987	2528765	2299660	1043510	123879	31833	770069	698370	268333	39804	12570	728717	659526	274263	38999	12024
job opening	201402	134079	115510	74229	6516	7909	156117	134693	79189	5473	12563	34846	29777	19010	1569	2251	35135	29947	19595	1718	2070
job opportunity	201402	112910	86389	65327	8551	8121	114785	96357	75951	6315	5768	30997	22748	16860	2333	2959	27217	21027	16667	2291	1421
job posting	201402	67037	54299	25320	6592	2787	51708	42918	19303	5192	1588	22634	18784	6654	1576	719	17829	14729	6970	1715	757
we are hiring	201402	113123	58908	50736	14377	18847	85856	45861	39871	10962	14084	30000	14836	12943	3703	5730	28910	15838	13519	3512	4112
all	201403	3585322	3192283	1309117	194556	72101	3018775	2665449	1143288	176399	77405	977029	866662	357636	50811	17571	985140	887613	357656	52265	23039
all old	201403	484201	376551	228256	35401	33563	413996	307418	206185	34505	35665	145516	116646	64000	9705	9193	141191	111799	63415	9495	10157
hashtags	201403	3343322	3039427	1195149	168085	43803	2777417	2513299	1031908	150093	47094	910039	823782	325587	43380	9730	918453	845388	326245	45091	14655
job opening	201403	164475	146374	75412	6423	7507	131047	112897	72492	6434	7751	54134	49705	21122	1637	1729	54582	48035	21767	1840	3239
job opportunity	201403	134356	106638	85637	8910	6922	111422	85486	64658	8404	8091	37100	30529	24333	2323	2099	35648	29494	23920	2234	1832
job posting	201403	82772	71947	24402	6439	1773	66420	54080	24695	6378	2706	25001	22058	6654	1874	429	24309	20967	6695	1842	410
we are hiring	201403	108512	54733	48559	14362	18768	110552	57752	49786	13987	18325	31201	15244	13440	4089	5490	28338	14280	12640	3789	5037
all	201404	3964245	3586473	1428963	199668	72510	3585322	3192283	1309117	194556	72101	1019912	925050	359697	47835	20629	1061353	966230	377376	52708	17893
all old	201404	532580	415406	241219	38730	42019	484201	376551	228256	35401	33563	134308	102306	59058	9336	12811	137593	107459	62975	10456	10481
hashtags	201404	3712663	3425622	1309662	171372	41698	3343322	3039427	1195149	168085	43803	960590	886779	331570	41255	15268	994549	924236	346019	45030	8972
job opening	201404	218951	196680	80753	7483	10107	164475	146374	75412	6423	7507	54764	50112	19454	1803	1966	58218	52163	21252	2025	3048
job opportunity	201404	144215	111808	92739	9986	13932	134356	106638	85637	8910	6922	39744	27555	23284	2591	7702	36403	28834	24099	2683	2494
job posting	201404	65153	53210	23990	6959	2390	82772	71947	24402	6439	1773	14657	11854	6014	1611	526	15775	12655	6233	1842	559
we are hiring	201404	109835	57041	49896	14944	16664	108512	54733	48559	14362	18768	26508	13697	11934	3493	2829	28804	14838	13092	4073	4568
all	201405	4103459	3694453	1411177	221753	71215	3977505	3604690	1431367	199788	72366	1074025	970492	352031	56827	17601	1010921	903065	352186	57819	17619
all old	201405	515602	408922	236973	35172	34966	529086	412827	240095	38547	41635	131923	106370	58753	8472	8973	123765	97836	58264	8710	9907
hashtags	201405	3864800	3540034	1296090	196992	43537	3727848	3444874	1313007	171682	41912	1017703	934386	324804	51058	10667	953791	866471	324588	51744	10116
job opening	201405	210921	189190	77477	6816	8181	218522	196023	80555	7506	10198	49413	44546	18333	1606	2232	50142	45782	18493	1658	2096
job opportunity	201405	138614	112624	94565	10562	7596	143747	111579	92678	9958	13757	35683	28898	24198	2604	2357	35007	28505	23935	2665	2005
job posting	201405	55786	46353	23160	3905	2983	64174	52228	23893	6917	2423	12493	10535	5624	874	433	12843	10841	5417	928	568
we are hiring	201405	116424	64176	47950	14584	17796	108219	56332	49156	14804	16365	36246	23256	12233	3593	4702	27007	13400	11904	3612	5546
all	201406	4571323	4151776	1473984	240751	79531	4103459	3694453	1411177	221753	71215	1355306	1238266	405845	69334	20101	1186649	1065892	394097	66837	25655
all old	201406	524379	417374	243915	35174	42029	515602	408922	236973	35172	34966	139344	111918	64445	9525	10385	144996	110372	66397	10009	16155
hashtags	201406	4333159	4000610	1358606	216432	44523	3864800	3540034	1296090	196992	43537	1294523	1199073	375880	62848	11930	1115595	1024163	362131	59883	11200
job opening	201406	216212	191544	78807	7251	13802	210921	189190	77477	6816	8181	59774	54418	20561	2055	2498	62924	51050	22193	2297	8334
job opportunity	201406	141976	115325	95941	10250	9940	138614	112624	94565	10562	7596	38672	31112	25912	2811	2932	38944	30819	25667	2765	3742
job posting	201406	53977	42172	24957	4158	4101	55786	46353	23160	3905	2983	12355	10159	6170	962	594	13063	10175	6292	1105	760
we are hiring	201406	117572	71290	50425	14090	15514	116424	64176	47950	14584	17796	29629	17048	13533	3815	4413	31715	19158	13888	4007	3811
all	201407	5458921	4988912	1616606	249751	89400	4659246	4230004	1494936	245283	81357	1488721	1372473	428747	62623	20512	1466082	1342170	426758	66472	23483
all old	201407	621501	492840	266109	38886	50206	535719	425908	248295	36108	42905	169696	139240	71238	10030	10862	185380	143364	74903	11559	14657
hashtags	201407	5193458	4830698	1495750	222342	45053	4415454	4075734	1377040	220282	45409	1424085	1332330	398218	55559	11119	1385297	1297364	392385	58155	10587
job opening	201407	248402	220100	79232	8640	15338	221402	196321	80318	7466	13820	64686	58822	20419	2118	2293	69155	58790	20677	2248	6982
job opportunity	201407	142050	118074	99303	9416	7434	144126	116656	97046	10450	10220	37386	30746	25901	2550	1649	36673	30318	25815	2333	2244
job posting	201407	50397	41272	24425	3757	2262	54920	42981	25466	4248	4143	14356	11447	6563	1005	678	13674	11221	6535	992	817
we are hiring	201407	186829	116481	69632	17825	26122	120603	72968	51774	14517	15946	55391	38979	20000	4556	6607	67765	43858	23542	6213	5302
all	201408	6166454	5720227	1737402	234550	85101	5462315	4995979	1615960	247736	89010	1725442	1616926	484493	57091	24105	1716635	1600604	454626	62828	23854
all old	201408	784957	662486	358940	39480	48905	622846	494752	266523	38665	49966	247630	211932	119204	10017	16195	232175	197268	105744	10953	15520
hashtags	201408	5907058	5560492	1618896	208570	42625	5197337	4837911	1495468	220397	44831	1655423	1577164	454286	50623	9233	1646720	1558641	423118	56051	10415
job opening	201408	282123	246150	118179	8866	22949	248380	220111	79171	8584	15360	87733	72926	42862	2192	11499	76095	65238	34175	2598	7535
job opportunity	201408	190947	165261	141662	9776	8928	141345	117788	99074	9307	7208	61691	55981	49132	2483	1690	54503	46860	40099	2614	3189
job posting	201408	54761	46221	24672	4248	1898	50480	41330	24425	3737	2316	13352	11376	6326	975	477	12848	10699	5882	1161	478
we are hiring	201408	261858	207751	117993	17218	15674	188798	118567	70304	17792	26032	85876	72347	40641	4501	2579	90035	75235	42574	4743	4511
all	201409	6373386	5905107	1878377	210783	81070	6166454	5720227	1737402	234550	85101	1649637	1478116	469931	56828	22449	1508129	1381387	465807	56212	23141
all old	201409	809738	693283	401819	37733	43428	784957	662486	358940	39480	48905	179957	150936	86616	9796	12055	192591	156832	93027	10264	13225
hashtags	201409	6109906	5736000	1750545	185118	45435	5907058	5560492	1618896	208570	42625	1584859	1436058	437776	49995	13306	1431537	1335167	430483	49145	11474
job opening	201409	327208	303490	160712	8570	10151	282123	246150	118179	8866	22949	88462	82566	37754	2316	2348	92242	83108	41086	2736	4497
job opportunity	201409	227441	196381	165734	9999	12644	190947	165261	141662	9776	8928	50421	43337	34538	2552	2859	53010	44328	36854	2649	4349
job posting	201409	59567	46798	25721	4018	2988	54761	46221	24672	4248	1898	16337	12994	7095	1126	1712	17123	11579	6611	1003	374
we are hiring	201409	201307	151051	93977	15708	17919	261858	207751	117993	17218	15674	26744	13879	12339	3942	5059	31556	18764	14618	4036	4087
all	201410	8770487	8301891	2109446	237170	77864	6427256	5952480	1888012	213631	82649	2199139	2071191	545918	62023	18915	2336776	2216379	558491	61149	19833
all old	201410	921940	804346	474811	40079	38839	810930	692094	401594	38501	44401	235332	198278	117935	10401	9919	253566	217928	128450	10223	8761
hashtags	201410	8518749	8142008	1988906	212656	46580	6158656	5780320	1757868	187309	46233	2127855	2030552	515647	55412	10790	2268194	2176635	529217	55116	12670
job opening	201410	536351	499193	272018	12228	11730	330426	306524	161319	8777	10126	136562	121363	66950	3066	2391	151930	137040	75486	3125	1933
job opportunity	201410	238164	211990	173892	10920	8096	227479	195794	164596	10162	12977	61783	53988	43669	2788	2814	64842	57722	46963	2902	2108
job posting	201410	56891	46782	24718	3913	3811	60946	47850	26165	4156	3051	13525	11292	6056	1016	629	13541	11105	5848	920	1012
we are hiring	201410	97824	51140	45411	13734	16458	198164	146614	92340	15988	18537	25149	12612	11074	3759	4381	25190	12983	11606	3453	4370
all	201411	5206444	4857409	1692270	169450	66272	8770487	8301891	2109446	237170	77864	1364546	1292814	438959	37088	15455	1145410	1061303	393688	36599	16474
all old	201411	569630	466997	261426	31879	37221	921940	804346	474811	40079	38839	143105	120566	68754	7398	8208	130607	103618	57684	7584	9991
hashtags	201411	4958386	4694316	1580688	146029	34998	8518749	8142008	1988906	212656	46580	1305565	1252586	409879	31569	8718	1085309	1023414	369327	30888	7698
job opening	201411	243535	218937	91210	7477	9640	536351	499193	272018	12228	11730	60463	56051	22886	1512	1451	53321	47614	19840	1778	2337
job opportunity	201411	187205	161567	114437	8350	9604	238164	211990	173892	10920	8096	47694	41730	30753	1912	2904	44355	36508	25835	2027	3316
job posting	201411	48453	40838	22216	3445	2029	56891	46782	24718	3913	3811	12616	10926	6330	807	379	11460	9699	4594	780	285
we are hiring	201411	95387	48645	42492	13231	16872	97824	51140	45411	13734	16458	23935	12712	11199	3308	3999	22559	10402	9314	3126	4311
all	201412	4298022	4021428	1485965	132584	55105	5192392	4847300	1692298	167199	65885	1028198	959715	366703	30396	11597	1311720	1229943	439615	39495	15925
all old	201412	454654	374152	217557	25267	30371	570342	467169	261714	31732	37434	100971	84387	49871	5411	5723	140504	117431	67722	7586	8505
hashtags	201412	4112883	3902547	1395244	113835	30781	4944147	4683754	1580442	143844	35294	988527	933856	346768	26406	6774	1254950	1192611	411283	33843	8592
job opening	201412	196747	178730	75515	5663	8365	243028	218695	91207	7387	9484	42894	39648	16414	1205	1155	62583	57662	24084	1710	2152
job opportunity	201412	143370	125588	94664	6511	6110	187865	161463	114212	8333	10079	33049	29510	23235	1395	1167	42736	37878	29048	1876	1655
job posting	201412	39533	33135	20087	2859	2031	48914	41088	22498	3429	2320	8546	7084	4410	677	380	12192	10282	6051	888	536
we are hiring	201412	80653	39758	35267	10977	15264	95642	48952	42720	13230	16539	17436	8743	7751	2273	3137	24506	12386	10919	3295	4550
all	201501	839045	777444	291654	22852	7467	4235392	3963542	1466912	130315	53523	0	0	0	0	0	0	0	0	0	0
all old	201501	75535	63669	37254	3490	4371	443250	366185	212312	24428	28967	0	0	0	0	0	0	0	0	0	0
hashtags	201501	811433	759677	278459	20446	3872	4057057	3849221	1379478	112286	29575	0	0	0	0	0	0	0	0	0	0
job opening	201501	30320	28237	11708	841	816	193070	175360	73519	5525	8328	0	0	0	0	0	0	0	0	0	0
job opportunity	201501	28190	25255	19461	955	1108	140004	123608	93370	6287	5372	0	0	0	0	0	0	0	0	0	0
job posting	201501	6044	4692	2797	354	762	37910	31928	19335	2781	1710	0	0	0	0	0	0	0	0	0	0
we are hiring	201501	11701	5759	4742	1402	2005	77627	38206	33927	10543	14892	0	0	0	0	0	0	0	0	0	0
