#Field:candidate	MonthId	NumTweets_Month1	NumDistinctTweets_Month1	NumDistinctUsers_Month1	NumPopularTweets_Month1	NumVerifiedTweets_Month1	NumTweets_Month2	NumDistinctTweets_Month2	NumDistinctUsers_Month2	NumPopularTweets_Month2	NumVerifiedTweets_Month2	NumTweets_Week1	NumDistinctTweets_Week1	NumDistinctUsers_Week1	NumPopularTweets_Week1	NumVerifiedTweets_Week1	NumTweets_Week2	NumDistinctTweets_Week2	NumDistinctUsers_Week2	NumPopularTweets_Week2	NumVerifiedTweets_Week2
all	201101	530633	514999	199144	5215	1195	0	0	0	0	0	168872	163551	62385	1906	565	178349	173041	68404	1841	346
all old	201101	37151	31164	20573	1099	427	0	0	0	0	0	12251	10220	6804	397	143	12440	10369	6954	417	138
hashtags	201101	501510	494993	184241	4395	796	0	0	0	0	0	159501	157080	57526	1611	430	168529	166227	63297	1504	220
job opening	201101	10206	8571	6050	336	84	0	0	0	0	0	3432	2864	2013	123	33	3376	2794	2035	107	48
job opportunity	201101	7598	6400	3563	145	24	0	0	0	0	0	2379	2013	1210	58	0	2465	2139	1170	53	18
job posting	201101	14448	13139	8381	218	60	0	0	0	0	0	4928	4331	2683	85	57	4710	4254	2768	83	0
we are hiring	201101	5001	3464	3039	409	259	0	0	0	0	0	1560	1158	1045	135	53	1906	1300	1128	175	72
all	201102	784800	756876	288697	7566	5134	486760	472577	183668	4753	994	211969	204740	81239	1939	1069	236409	227772	84032	2273	1919
all old	201102	55291	44530	29310	1683	1102	33784	28396	18741	1022	404	15678	12534	8135	442	221	16641	13574	8986	502	233
hashtags	201102	740788	728518	267958	6397	4240	460251	454346	170093	3994	610	199203	196293	75459	1624	868	223109	219060	77506	1915	1718
job opening	201102	15818	12207	8774	563	294	9234	7807	5516	316	84	5039	3669	2563	138	54	4910	3844	2723	168	93
job opportunity	201102	10441	8394	4999	261	152	6968	5877	3266	134	24	2591	2089	1329	58	14	3395	2686	1544	81	61
job posting	201102	20726	18930	11435	266	66	13117	11942	7622	205	60	5643	5245	2971	52	45	5740	5334	3355	82	9
we are hiring	201102	8426	5516	4755	599	590	4563	3144	2755	375	236	2441	1685	1460	195	108	2633	1878	1566	174	70
all	201103	188040	179584	75598	1832	2112	799992	771478	295535	7795	5428	1938	1431	1198	97	240	6563	5959	4293	145	298
all old	201103	13741	11229	6963	413	138	56312	45399	29851	1738	1114	195	98	96	21	0	512	368	331	33	42
hashtags	201103	176874	172933	70857	1547	2022	755178	742487	274447	6589	4534	1767	1365	1134	79	240	6155	5752	4100	122	256
job opening	201103	3781	2919	2054	147	60	16194	12501	8965	578	294	34	22	21	3	0	157	110	103	17	9
job opportunity	201103	2393	1905	1175	78	49	10675	8580	5121	279	164	71	24	24	10	0	104	57	47	6	33
job posting	201103	5707	5306	2793	45	3	20948	19176	11547	269	66	42	40	39	0	0	184	163	145	3	0
we are hiring	201103	1884	1204	1089	144	26	8615	5658	4871	618	590	48	12	12	8	0	68	44	43	7	0
all	201104	552448	524741	209097	5622	5498	188040	179584	75598	1832	2112	149439	143540	58846	990	507	154912	146398	61045	1699	1651
all old	201104	41792	33923	20544	1221	1487	13741	11229	6963	413	138	11008	9624	5832	218	79	12469	9492	6034	381	580
hashtags	201104	517147	506694	195204	4793	4119	176874	172933	70857	1547	2022	140108	138439	54912	857	432	144230	141159	56886	1438	1115
job opening	201104	13947	11229	6117	456	733	3781	2919	2054	147	60	3485	3119	1655	98	43	4505	3256	1905	148	461
job opportunity	201104	6094	4840	3341	171	214	2393	1905	1175	78	49	1646	1378	925	29	12	1543	1206	900	48	35
job posting	201104	19827	18418	8730	130	135	5707	5306	2793	45	3	5718	5386	2629	15	0	5603	5189	2583	43	33
we are hiring	201104	5908	3601	3327	471	405	1884	1204	1089	144	26	1373	999	911	79	24	1933	1003	934	143	51
all	201105	379447	362899	161751	2233	1694	560785	532680	212426	5665	5518	54192	51216	29411	661	372	96317	92475	42200	577	471
all old	201105	29190	24819	15295	509	473	42461	34505	20868	1231	1487	3884	3064	2366	124	58	7221	6053	3974	146	161
hashtags	201105	354436	350172	151670	1872	1291	524925	514401	198353	4835	4139	50817	49312	27777	554	318	90089	89190	39493	465	352
job opening	201105	9853	8633	4606	163	95	14186	11441	6209	463	733	950	652	530	22	3	2208	1826	1178	40	53
job opportunity	201105	4679	3871	2631	64	73	6173	4911	3388	171	214	814	683	480	15	6	1291	1083	701	17	23
job posting	201105	14312	13391	6597	53	24	20248	18813	8904	131	135	1383	1298	959	14	6	3244	3024	1632	17	0
we are hiring	201105	4010	2655	2399	232	281	5978	3648	3368	474	405	806	461	433	74	43	1013	695	652	72	85
all	201106	263866	246854	124912	3602	3019	379447	362899	161751	2233	1694	77491	72803	35782	1113	729	73967	68887	34474	936	996
all old	201106	17836	13583	10294	613	751	29190	24819	15295	509	473	5771	4659	3419	214	113	4626	3365	2663	141	488
hashtags	201106	248788	237806	117488	3115	2352	354436	350172	151670	1872	1291	72841	69684	33351	944	660	69963	66557	32493	820	524
job opening	201106	4576	3297	2563	111	153	9853	8633	4606	163	95	1513	1255	926	34	36	1016	752	630	18	25
job opportunity	201106	3334	2620	1833	129	85	4679	3871	2631	64	73	969	748	566	43	29	874	697	490	32	46
job posting	201106	6234	5762	4171	73	57	14312	13391	6597	53	24	2209	2040	1371	31	9	1508	1396	1062	22	18
we are hiring	201106	3740	2037	1909	304	456	4010	2655	2399	232	281	1094	649	605	108	39	1252	549	522	71	399
all	201107	493387	462019	216662	6929	3412	268616	251326	125986	3677	3125	173900	162786	70655	2322	814	135110	126104	58626	1899	896
all old	201107	36998	30065	21294	1088	1151	18026	13756	10428	620	803	13803	11713	7669	334	257	10619	8247	5878	270	328
hashtags	201107	462947	442791	201863	6058	2437	253480	242167	118488	3184	2410	162375	155656	65341	2052	581	126279	120649	54490	1680	584
job opening	201107	9927	8123	5853	209	128	4633	3358	2623	111	156	3679	3093	2093	64	30	2770	2216	1573	46	20
job opportunity	201107	6122	4823	3631	243	263	3285	2590	1823	129	89	2064	1667	1199	70	79	1795	1448	1055	59	23
job posting	201107	14550	13691	8725	145	84	6366	5890	4253	78	57	5993	5675	3238	46	33	3930	3631	2402	47	33
we are hiring	201107	6470	3632	3356	500	680	3790	2050	1914	306	501	2093	1357	1235	157	115	2147	1004	923	121	252
all	201108	652044	619150	261788	8025	4608	505713	473500	221278	7078	3376	172756	163998	69102	2220	1275	214821	205519	78586	2316	1966
all old	201108	48654	40915	26923	1415	1889	38202	31119	21941	1131	1129	13710	11937	6946	411	348	15239	12558	8524	408	1051
hashtags	201108	614319	594997	243507	6863	2843	474207	453651	206039	6171	2419	163730	158130	64487	1889	979	202139	197485	72710	1978	955
job opening	201108	15754	13156	7736	314	1071	10266	8422	6052	222	128	5471	5078	1985	86	118	4593	3401	2463	109	736
job opportunity	201108	8192	6730	4696	267	142	6357	5020	3768	252	256	2235	1832	1238	87	67	2670	2293	1507	77	33
job posting	201108	17613	16611	10507	171	219	14971	14081	8888	147	96	4191	3887	2653	53	75	5806	5511	3350	48	27
we are hiring	201108	7287	4764	4409	683	521	6684	3809	3514	519	653	1847	1237	1170	188	88	2216	1448	1332	182	271
all	201109	695778	653867	266439	9314	11801	652044	619150	261788	8025	4608	171588	162396	66547	2439	1659	179612	169208	70094	2317	2807
all old	201109	50349	42135	25699	1456	2229	48654	40915	26923	1415	1889	11280	9011	6123	369	507	12288	10091	6686	356	877
hashtags	201109	659883	630740	249052	8171	9911	614319	594997	243507	6863	2843	162656	156831	62357	2148	1220	170213	163251	65657	2040	2073
job opening	201109	17405	15532	7060	340	485	15754	13156	7736	314	1071	3291	2918	1728	83	54	3332	3005	1789	64	34
job opportunity	201109	8942	7419	5138	240	299	8192	6730	4696	267	142	1920	1532	1143	58	87	2448	2033	1398	59	119
job posting	201109	16536	15383	10023	178	360	17613	16611	10507	171	219	3973	3589	2362	51	192	4430	4047	2614	53	185
we are hiring	201109	7586	4203	3895	709	1085	7287	4764	4409	683	521	2135	1049	970	181	174	2102	1106	1009	182	539
all	201110	536298	503536	225723	7352	11597	691899	650431	263810	9113	11656	135714	126349	58783	1997	4137	146762	138240	60842	2017	2701
all old	201110	34977	27474	19478	1222	3163	48971	40957	25083	1388	2194	9829	7164	5299	363	1409	9236	7216	5144	378	719
hashtags	201110	509277	486499	212313	6380	8693	656671	627713	246805	8029	9805	127991	121829	55155	1714	2828	139542	133738	57295	1716	2093
job opening	201110	10768	9343	5648	261	390	16557	14737	6777	319	471	2650	2303	1483	72	89	3013	2486	1594	106	165
job opportunity	201110	5875	4535	3660	247	176	8760	7283	5032	228	293	1576	1172	1001	75	102	1599	1231	946	67	21
job posting	201110	11652	10643	7345	143	326	16409	15273	9923	173	360	3341	2820	1996	45	246	2801	2657	1794	36	32
we are hiring	201110	6768	3252	3086	579	2271	7356	4061	3760	678	1070	2280	944	890	173	972	1841	931	874	170	501
all	201111	475021	453415	204532	4572	6324	536298	503536	225723	7352	11597	150567	146163	61239	765	443	121778	117449	52804	769	556
all old	201111	29097	24405	17005	805	1383	34977	27474	19478	1222	3163	9183	8266	5291	135	140	6632	5748	3993	123	109
hashtags	201111	452974	438353	192770	3931	5045	509277	486499	212313	6380	8693	143830	141119	57529	661	331	116589	113819	50023	669	463
job opening	201111	9829	8377	4959	186	602	10768	9343	5648	261	390	3178	2965	1511	31	45	2135	1876	1171	33	51
job opportunity	201111	4740	3831	3125	164	99	5875	4535	3660	247	176	1475	1246	981	30	31	1168	950	744	27	21
job posting	201111	10307	9758	6550	103	162	11652	10643	7345	143	326	3378	3230	2036	16	15	2588	2502	1603	12	9
we are hiring	201111	4299	2815	2609	357	520	6768	3252	3086	579	2271	1179	934	850	58	49	752	575	534	51	28
all	201112	889843	864318	324041	4460	2078	454024	433860	198519	4095	5591	221516	215701	82922	1132	467	300649	291799	102708	1423	734
all old	201112	51150	46188	29465	627	694	27236	23004	16104	735	1130	12692	11639	7126	144	151	16765	15064	9748	199	287
hashtags	201112	849550	833922	302946	3950	1524	433336	419659	187350	3506	4561	212014	208099	77722	1012	356	286971	281469	95520	1257	491
job opening	201112	15458	13972	8010	146	291	9230	7824	4641	175	599	4027	3728	1788	32	62	4966	4393	2663	49	136
job opportunity	201112	9598	8011	5820	153	210	4493	3626	2945	152	103	2224	1842	1340	32	47	3056	2547	1903	48	88
job posting	201112	20914	20064	11962	85	83	9783	9299	6307	95	129	5302	5150	3184	17	12	7141	6853	4067	35	24
we are hiring	201112	5376	4558	4139	244	110	3803	2617	2431	317	299	1205	1025	929	63	30	1659	1412	1268	68	39
all	201201	1399298	1338781	439163	10374	9399	891258	865723	323173	4456	2078	397866	359460	128238	6392	7138	368469	357450	124747	2106	1183
all old	201201	86543	69524	42902	1946	3764	51178	46184	29396	618	697	33504	22180	13667	1302	2749	23060	20282	12825	316	518
hashtags	201201	1330387	1294337	408501	8773	6031	850885	835222	302086	3952	1525	370802	345865	118693	5293	4537	350346	344196	115644	1864	761
job opening	201201	23569	20706	11677	346	504	15417	13921	7979	146	293	8253	7022	3857	227	241	6653	5906	3560	53	107
job opportunity	201201	15837	12578	8559	445	767	9648	8021	5803	150	211	5034	3864	2696	264	183	4670	3733	2674	90	339
job posting	201201	29794	28511	15752	222	139	21023	20179	12012	85	83	9168	8499	4582	164	84	8431	8154	4385	28	27
we are hiring	201201	17569	8599	7613	941	2354	5288	4484	4071	238	110	11117	3088	2738	655	2241	3368	2818	2446	146	45
all	201202	1471256	1337297	482785	27344	16968	1347348	1301487	426235	8899	6467	373964	342986	127456	6928	4398	359266	335231	119136	6041	2893
all old	201202	124732	86701	52448	6554	5135	82448	66761	41178	1672	3362	35253	21560	13335	1856	1834	28955	20969	13117	1630	1201
hashtags	201202	1371935	1286634	446621	21746	12491	1281731	1258396	396658	7543	3489	345653	330135	118306	5347	2751	336089	322464	110068	4654	1912
job opening	201202	38707	27702	15126	1386	1479	22231	19758	11058	285	369	10435	6468	3646	372	336	8573	6549	3838	323	334
job opportunity	201202	23884	17399	10932	1451	590	14950	11823	8122	400	750	6438	4593	2856	381	128	6015	4218	2709	410	176
job posting	201202	34038	31511	17169	694	275	29149	27961	15491	184	127	8437	7873	4340	173	72	8631	7888	4330	188	104
we are hiring	201202	28621	11525	10227	3072	2810	16339	8066	7180	810	2116	10071	3113	2781	938	1302	5854	2734	2500	718	587
all	201203	1468990	1333314	503682	24090	20606	1480277	1342897	485178	27484	17684	353760	318350	120187	5514	4002	369855	333814	124937	6080	4909
all old	201203	134885	97480	52427	5975	8356	125187	86433	52502	6628	5320	35480	26621	12289	1398	1764	35491	27374	12990	1438	1880
hashtags	201203	1356040	1285467	468708	18984	12697	1379906	1292226	448985	21798	13018	323310	307630	112025	4345	2329	339285	321818	116183	4855	3113
job opening	201203	31797	24352	14768	1242	1892	38330	27293	15093	1415	1512	8297	5721	3422	279	361	7887	5821	3541	315	710
job opportunity	201203	43935	34725	11925	1486	2199	24532	17687	10975	1470	580	15985	12760	3086	374	1061	13859	12334	3077	351	394
job posting	201203	30828	28067	16653	696	283	33757	31292	17161	703	284	6276	5867	3727	160	18	7274	6760	4141	157	63
we are hiring	201203	28773	11531	10191	2578	4002	29085	11568	10262	3088	2963	4997	2479	2296	588	328	6539	2651	2464	619	713
all	201204	1428410	1256699	477727	24802	16003	1468990	1333314	503682	24090	20606	399989	348569	133712	8310	4450	380392	327657	125992	6703	5755
all old	201204	150268	106331	50847	6192	7183	134885	97480	52427	5975	8356	42143	31931	15274	2031	1915	41054	29893	14089	1774	2502
hashtags	201204	1299416	1211876	444458	19593	9436	1356040	1285467	468708	18984	12697	364507	335329	123735	6608	2760	344991	315511	116838	5211	3509
job opening	201204	39572	23794	14463	1244	2383	31797	24352	14768	1242	1892	8939	7191	4294	353	425	8888	6247	4099	434	845
job opportunity	201204	57344	47382	11789	1524	2269	43935	34725	11925	1486	2199	17089	14544	3796	555	576	15909	14057	3260	391	342
job posting	201204	29196	25537	16105	715	889	30828	28067	16653	696	283	8905	7240	4590	238	622	8760	7066	4430	201	668
we are hiring	201204	25998	10528	9442	2773	2253	28773	11531	10191	2578	4002	7371	3225	2886	897	310	7732	2828	2566	763	661
all	201205	1678076	1458443	521705	31369	24286	1452222	1278455	486210	25695	15738	371244	322283	122855	8573	5060	498573	420038	132155	8375	5347
all old	201205	180798	125665	56382	7897	12291	151865	108109	52269	6447	6618	45506	30600	13764	2155	1781	43069	31398	13947	2011	1836
hashtags	201205	1522324	1411304	485923	24670	12585	1322360	1232529	452036	20254	9752	332804	310926	114255	6795	3491	461258	408820	123461	6659	3585
job opening	201205	52970	36254	17294	1554	5007	40400	24554	14896	1271	2378	13955	9431	4293	426	299	11215	9724	4333	342	320
job opportunity	201205	69296	53262	13617	2033	3565	56303	47726	12215	1586	1486	16659	12329	3264	529	505	18442	13033	3377	557	834
job posting	201205	28344	25370	15822	819	672	29558	25843	16317	735	892	6678	5967	3779	215	100	6698	5939	3773	227	156
we are hiring	201205	30756	11703	10681	3544	3083	27484	10949	9833	2923	2473	8312	3070	2659	996	877	6884	2936	2720	901	562
all	201206	1405859	1251009	481351	23627	15187	1678076	1458443	521705	31369	24286	335070	299016	117809	5828	4385	356376	322592	125715	5530	2571
all old	201206	151048	114753	50587	5880	5268	180798	125665	56382	7897	12291	38816	28300	12681	1531	2376	36358	29488	12811	1405	587
hashtags	201206	1276923	1210344	450019	18651	10716	1522324	1411304	485923	24670	12585	301209	288961	109962	4524	2173	325378	312422	117947	4369	2101
job opening	201206	47443	34066	15900	1227	2439	52970	36254	17294	1554	5007	13736	8655	4318	451	1901	10114	8752	4065	263	158
job opportunity	201206	55097	48574	11997	1486	951	69296	53262	13617	2033	3565	13702	12101	2998	371	151	14058	12653	3013	378	181
job posting	201206	24790	22570	14345	558	335	28344	25370	15822	819	672	5732	5266	3354	118	62	6304	5721	3674	148	78
we are hiring	201206	24144	10210	9190	2654	1574	30756	11703	10681	3544	3083	5729	2412	2192	600	277	5988	2535	2274	625	170
all	201207	1376971	1237051	487957	22863	13286	1362853	1216109	469535	22413	14275	369740	335069	133285	5988	2661	373864	332026	130755	6472	4188
all old	201207	151019	108840	52706	6198	5653	143799	111817	49005	5502	4875	38621	29549	14736	1715	1049	47740	30125	15122	1874	2259
hashtags	201207	1248427	1195219	455143	17537	8479	1239054	1176870	439313	17742	10138	337383	323101	123937	4489	1807	332778	319944	121247	4859	2317
job opening	201207	46803	35582	16758	1269	1796	44667	32990	15402	1136	2362	11793	9954	4565	288	263	17400	9966	4941	482	1191
job opportunity	201207	49821	41616	12865	1445	1170	53331	47724	11658	1403	863	12656	10885	3725	399	124	12831	10841	3535	394	467
job posting	201207	30143	21919	14864	765	1077	24132	22010	13981	528	329	8117	5945	4132	276	260	10507	6474	4326	219	61
we are hiring	201207	24702	10491	9536	2768	1630	22079	9733	8773	2477	1352	6171	2989	2715	764	402	7133	3089	2755	789	540
all	201208	1762469	1638861	604107	36506	24734	1416711	1274157	501753	23591	13860	466034	435226	158377	10870	8853	451450	426666	154314	10285	3966
all old	201208	141367	99573	59626	8240	10498	154043	111098	54289	6405	5888	33112	23263	14889	2294	3181	30569	22758	14592	2157	1524
hashtags	201208	1653506	1583515	564656	29926	15526	1286078	1230828	467835	18087	8850	441927	421000	148541	9078	6142	429240	412604	144623	8626	2737
job opening	201208	43809	32631	18071	1710	3337	48078	36762	17319	1312	1829	8640	7073	4183	434	633	8137	7144	4298	446	195
job opportunity	201208	30844	23921	12786	1829	1251	50264	41743	13197	1503	1303	5532	4272	3120	481	350	5546	4236	2977	457	228
job posting	201208	33766	29120	17128	942	1082	30684	22391	15141	786	1098	8884	8180	4456	254	228	9023	7720	4243	201	231
we are hiring	201208	33581	14575	13053	3821	4916	25490	11004	10007	2856	1678	10287	3868	3476	1154	2054	7969	3787	3397	1066	874
all	201209	1895155	1647354	584373	49546	26433	1762469	1638861	604107	36506	24734	499237	445612	155581	14111	5915	471515	408511	144516	13855	5616
all old	201209	194766	133831	64058	10003	12697	141367	99573	59626	8240	10498	52318	41518	18202	2656	1924	56818	36787	16622	2804	2536
hashtags	201209	1735009	1588976	543988	41326	17158	1653506	1583515	564656	29926	15526	455051	428699	144513	11907	4221	422314	392983	134039	11532	3298
job opening	201209	60607	47528	20782	2229	4445	43809	32631	18071	1710	3337	17745	16043	6371	628	209	17485	13153	5573	659	998
job opportunity	201209	51267	41782	14279	2687	1642	30844	23921	12786	1829	1251	14990	12838	3893	685	470	15638	12197	3696	800	373
job posting	201209	43071	32810	18326	1155	1106	33766	29120	17128	942	1082	11368	10403	5188	329	264	16165	8721	4780	348	403
we are hiring	201209	42344	14231	12627	4033	5801	33581	14575	13053	3821	4916	9733	3845	3422	1039	985	8247	3465	3123	1032	823
all	201210	2113779	1844452	637798	59134	30739	1905379	1654048	586046	50365	26718	543708	473586	162694	14217	6974	566459	472530	159705	14858	12500
all old	201210	250196	164256	76194	12308	16423	197962	137059	65086	10202	12706	65016	42621	20009	2989	3703	81510	37749	19113	3303	8521
hashtags	201210	1898085	1778643	592138	48989	15894	1742103	1594681	545060	41963	17434	487385	456661	150731	11771	3615	494235	456349	148410	12099	4493
job opening	201210	101726	63383	26408	3018	6775	62292	49023	21257	2287	4462	23989	16085	6762	665	829	45831	16358	7114	1016	5577
job opportunity	201210	63027	50555	16557	3142	2754	52706	43043	14555	2735	1688	16723	13659	4581	829	579	11619	8856	3824	721	683
job posting	201210	48039	36584	21196	1421	1885	43693	33339	18520	1185	1126	11859	8808	5406	327	643	14754	8998	5368	347	539
we are hiring	201210	39117	15977	14278	4784	5019	41959	14374	12761	4094	5727	12542	4341	3811	1179	1652	9420	3785	3367	1237	1732
all	201211	1939392	1629765	572657	51670	24693	2113779	1844452	637798	59134	30739	434484	392630	138635	10952	3515	503249	441476	152366	13861	5934
all old	201211	236818	141179	69818	11202	8274	250196	164256	76194	12308	16423	39707	29578	15485	2414	1379	52432	38111	18711	3127	2784
hashtags	201211	1733876	1569497	529257	42398	17366	1898085	1778643	592138	48989	15894	402054	379133	128991	8952	2400	459484	425395	140519	11248	3530
job opening	201211	65844	52862	22608	2323	1440	101726	63383	26408	3018	6775	13440	11706	4964	423	158	16000	13518	5855	585	546
job opportunity	201211	52359	42575	15704	2945	1707	63027	50555	16557	3142	2754	10299	7767	3526	695	287	15402	12628	4386	861	431
job posting	201211	35133	30370	19228	1402	1178	48039	36584	21196	1421	1885	7876	6856	4342	296	284	8699	7551	4936	366	411
we are hiring	201211	83915	16314	14229	4592	3961	39117	15977	14278	4784	5019	8222	3447	3089	1018	650	12425	4675	4062	1337	1408
all	201212	1697648	1488883	517197	34765	18180	1910585	1602359	562158	50212	24078	405018	377264	130670	5677	3560	447389	409648	142870	9282	5875
all old	201212	164028	132304	63306	7188	9031	230534	136423	67947	10721	8059	38562	33497	15476	1251	1858	46253	38115	18266	1809	3129
hashtags	201212	1562275	1434144	477962	28901	10825	1710537	1543572	519820	41329	16946	373006	364277	121209	4651	2042	408993	394091	131459	7787	3146
job opening	201212	55072	47507	20533	1505	2077	63688	51000	21889	2203	1342	12573	11558	4888	230	224	16175	13654	6042	385	1145
job opportunity	201212	50261	43264	14228	2063	1997	49991	40612	15239	2832	1649	13250	11912	3525	340	502	14843	13006	4160	502	487
job posting	201212	31971	28144	17596	956	1094	34556	29854	18908	1327	1253	7527	6940	4528	166	143	8795	7739	4976	297	446
we are hiring	201212	27237	14337	12769	2723	3926	82725	15869	13808	4417	3827	5380	3342	2988	534	1019	6608	4009	3602	645	1067
all	201301	1660723	1522556	527406	22573	19397	1688880	1486080	515918	34011	17906	497075	459749	155281	7671	6870	492622	438698	155021	7341	5590
all old	201301	178342	148622	67751	6010	10539	163533	132411	63048	7121	8841	53631	44301	20600	2018	3664	56723	45836	21480	2091	2967
hashtags	201301	1510911	1461229	484956	17627	10465	1553828	1431641	476867	28202	10737	451893	439530	142150	5996	3764	444124	420049	141376	5602	2966
job opening	201301	59005	52411	21332	1150	2550	54874	47418	20490	1487	2028	17439	15308	6144	351	1012	18849	17248	6807	400	528
job opportunity	201301	59918	50389	16293	1537	2485	50742	43793	14208	2053	2000	16350	14308	4873	482	544	19767	14976	5284	523	707
job posting	201301	34198	30970	17701	807	1146	31588	27955	17519	946	950	11424	9874	5498	322	618	9778	8696	5208	281	332
we are hiring	201301	25786	15964	14393	2565	4362	26844	14198	12658	2694	3926	8617	5180	4682	881	1490	8489	5271	4779	904	1400
all	201302	1914161	1739010	606842	41138	32062	1587510	1458520	505305	20613	16862	490832	435195	157546	13150	11083	490241	436874	154994	12077	8940
all old	201302	210005	167621	81210	8880	20198	166414	139618	63623	5421	9163	55635	41175	21464	2692	7907	52324	42386	20395	2390	4893
hashtags	201302	1738330	1666222	556311	33885	13768	1448076	1401402	465508	16171	9224	444534	417881	144426	10968	3635	446992	418784	142517	10162	4766
job opening	201302	64074	56656	24023	1651	3052	55030	49405	20082	1051	1831	15760	13977	6032	501	461	16635	14584	6332	503	1086
job opportunity	201302	64598	54911	19201	2132	3137	56204	47004	15192	1419	2552	15572	13171	4886	648	465	16546	13938	4841	632	1109
job posting	201302	42688	35885	20933	1362	3778	32252	29718	17057	685	755	10726	8149	5600	443	1701	9646	8828	4952	261	256
we are hiring	201302	39447	21446	19350	3813	10345	23448	14529	13145	2313	4039	13801	6195	5592	1122	5346	9715	5340	4862	1019	2473
all	201303	1758810	1598988	605395	51884	24687	1905395	1729982	605185	41997	32096	422750	383834	150291	12901	4806	428849	388011	149729	13149	6698
all old	201303	189796	155336	81812	9571	12126	209185	167024	80886	8941	20271	45360	37818	19711	2340	2028	46077	37509	20124	2383	3259
hashtags	201303	1608243	1534280	558410	44371	14231	1730630	1657720	555145	34728	13751	386651	368677	138935	11047	3128	392271	372408	138191	11194	3696
job opening	201303	57035	50355	21747	1699	1986	63275	55986	23900	1677	3095	13487	12071	5191	392	399	14234	12140	5334	457	791
job opportunity	201303	57797	47691	18414	2797	3370	64363	54657	19156	2145	3175	14975	12546	4608	733	586	14211	11648	4497	788	813
job posting	201303	35535	31653	19456	1396	1116	42876	36060	20662	1389	3803	7928	7080	4696	354	151	8257	7290	4689	290	401
we are hiring	201303	40364	27114	24736	3768	5774	39468	21575	19454	3809	10320	9182	6513	5887	882	917	9584	6765	6197	865	1254
all	201304	1810214	1640080	620785	49434	25179	1758810	1598988	605395	51884	24687	547479	501440	185602	13725	6395	557591	510304	186507	13514	6654
all old	201304	195468	160469	80693	9589	12196	189796	155336	81812	9571	12126	58623	49098	24542	2671	2727	60923	51062	25065	2576	3185
hashtags	201304	1648526	1572936	570158	41648	14785	1608243	1534280	558410	44371	14231	499236	480783	170212	11609	4215	506590	488996	170367	11352	4027
job opening	201304	62348	54564	22570	1806	3105	57035	50355	21747	1699	1986	18420	16532	6543	451	535	20014	17477	6964	504	1081
job opportunity	201304	65158	55011	20228	3167	2619	57797	47691	18414	2797	3370	19730	16713	6280	919	809	20424	17685	6271	850	576
job posting	201304	32712	28796	19198	1212	1151	35535	31653	19456	1396	1116	10041	8833	5853	364	323	10318	8964	5989	336	406
we are hiring	201304	35814	23480	21169	3457	5337	40364	27114	24736	3768	5774	10614	7390	6587	957	1064	10342	7393	6656	901	1122
all	201305	2078232	1878575	692160	56231	51624	1850204	1677865	634636	50412	25932	512971	462847	173397	14436	13762	519937	462241	170420	15085	14833
all old	201305	225969	184956	91294	10322	16321	199323	163803	82856	9794	12477	58379	48311	23516	2736	3462	59467	49094	23591	2790	3735
hashtags	201305	1892911	1802806	635414	47841	38464	1685706	1608792	582614	42485	15504	465436	443609	158942	12180	10976	470642	442712	155795	12780	11841
job opening	201305	71364	63490	23751	1659	3326	63909	55948	23198	1850	3194	18318	16386	6065	419	763	17696	16068	5692	405	414
job opportunity	201305	71603	59626	21671	3364	3893	65428	55375	20618	3177	2641	18996	15992	5716	930	559	19400	16580	5578	969	576
job posting	201305	39168	34005	22170	1413	2052	33434	29408	19614	1237	1205	9666	8447	5404	334	486	10199	8926	5681	385	441
we are hiring	201305	44806	29424	26412	3978	7223	37260	24505	21970	3602	5573	11561	7813	6942	1074	1662	12376	7942	7216	1051	2304
all	201306	1753508	1583820	612210	52078	54859	2078232	1878575	692160	56231	51624	395527	360733	139877	14275	13785	425385	384621	153604	13768	14685
all old	201306	203178	165766	85828	10258	13549	225969	184956	91294	10322	16321	44337	35044	20657	2587	3314	50398	40098	21625	2935	3951
hashtags	201306	1597714	1514353	559363	43958	42985	1892911	1802806	635414	47841	38464	366022	344001	127192	12319	10906	388448	366976	139964	11545	11232
job opening	201306	68495	58488	22659	1958	4771	71364	63490	23751	1659	3326	16345	13527	5402	510	1519	18027	14908	5786	597	1608
job opportunity	201306	57623	48493	19504	3160	1806	71603	59626	21671	3364	3893	9414	7211	4520	791	350	12867	10412	4907	918	523
job posting	201306	35882	30948	20073	1502	1560	39168	34005	22170	1413	2052	8323	7319	4753	384	185	9135	7808	4922	497	462
we are hiring	201306	41937	29196	26023	3693	5448	44806	29424	26412	3978	7223	10374	7253	6496	907	1264	10659	7381	6589	939	1374
all	201307	1675464	1522677	584257	58236	58105	1745427	1577061	610929	52525	55006	427615	380391	148693	19293	16548	436016	394613	152448	17206	13339
all old	201307	194863	146985	88446	11250	21200	202358	164703	86028	10337	13746	49318	35617	23404	3770	5297	51249	38404	24024	3341	4672
hashtags	201307	1539816	1449225	529662	50254	39327	1591645	1507569	557971	44386	43059	389961	360345	133922	16431	11942	399799	374846	137566	14813	9235
job opening	201307	63733	53784	23721	1877	4703	68553	58415	22703	1970	4852	13032	10872	6418	699	612	17170	13647	6581	564	1819
job opportunity	201307	43595	32655	20068	3088	3020	56645	47493	19537	3194	1842	11984	8746	5298	1083	636	11757	8640	5544	867	848
job posting	201307	42283	31072	19489	2372	7183	35689	30814	20025	1500	1514	11782	8630	5395	643	1915	9494	8051	5030	770	233
we are hiring	201307	46523	31386	28150	4044	6460	42220	29339	26182	3726	5574	12960	8006	7148	1395	2134	13366	8632	7717	1196	1919
all	201308	1922666	1653313	644478	127480	66199	1675214	1520668	583451	58893	58083	500106	430346	166281	33505	15773	489362	422354	162573	32619	15407
all old	201308	234706	158607	91780	20934	27766	195753	147126	88711	11396	21530	61391	40844	23325	5306	7349	59709	42055	22316	4862	6413
hashtags	201308	1760219	1578323	588574	110869	42897	1538081	1446678	528622	50778	38907	458340	411523	152167	29322	9910	451254	404709	149320	28863	10200
job opening	201308	75990	59882	25328	4298	6829	63481	53506	23838	1931	4662	19140	15954	6510	1069	1062	23418	18503	6383	1089	2535
job opportunity	201308	56118	35587	21162	5695	8353	44033	32824	20158	3110	3205	14595	8715	5411	1496	2656	11983	8400	4954	1145	1017
job posting	201308	40618	32252	18253	3401	2243	42542	31283	19532	2397	7146	10265	8309	4517	925	451	9144	7445	4188	750	460
we are hiring	201308	64231	33766	30509	7814	10409	47030	31471	28209	4094	6683	18070	8638	7764	1950	3200	15727	8388	7625	1945	2457
all	201309	2075257	1760608	674000	157177	64993	1922666	1653313	644478	127480	66199	579546	485932	188126	45801	18076	587678	491514	184764	47788	18980
all old	201309	233987	155686	89883	22448	31212	234706	158607	91780	20934	27766	68564	46227	24559	6318	9116	73741	49303	25477	7313	9794
hashtags	201309	1899225	1685846	619783	139423	36478	1760219	1578323	588574	110869	42897	526164	464551	173287	40640	9561	532559	469620	169291	42043	9836
job opening	201309	74702	58884	25337	4484	7226	75990	59882	25328	4298	6829	22768	19458	6978	1137	876	26919	21711	7365	1426	2516
job opportunity	201309	56250	34049	20966	5165	9414	56118	35587	21162	5695	8353	16654	8977	5740	1404	4153	15990	9656	5775	1541	2495
job posting	201309	40645	31846	16821	4818	1235	40618	32252	18253	3401	2243	12131	9157	4576	1709	370	12068	9277	4783	1638	298
we are hiring	201309	64438	32753	29538	8253	13984	64231	33766	30509	7814	10409	17514	9102	8018	2140	3864	19429	9146	8315	2780	4793
all	201310	2166167	1848491	715717	155658	62093	2114635	1792120	687142	160748	66310	547701	478133	186297	28957	18631	548000	465602	183077	38550	19069
all old	201310	238602	162062	85426	21936	30818	240489	159992	92178	23113	31964	66307	45167	22695	5260	10186	63582	39554	21327	5606	11774
hashtags	201310	1985678	1780853	666892	138309	34909	1932944	1715164	631361	142401	36950	499322	460777	173621	24879	9021	498751	449371	171258	34256	8021
job opening	201310	86250	71266	24800	3980	6567	76870	60797	25907	4583	7340	26810	21296	6735	921	3435	21513	16925	6160	911	2609
job opportunity	201310	52058	32370	19145	4525	7720	58034	34959	21630	5330	9844	14479	8274	4860	1144	3418	14627	7957	4675	1055	3071
job posting	201310	39939	30204	17773	5461	1665	41680	32544	17226	4971	1326	10838	8502	5314	1160	633	10469	7746	4805	1545	431
we are hiring	201310	61569	29828	26321	8194	14964	65927	33529	30238	8499	14101	14461	7513	6518	2075	2700	17308	7339	6337	2143	5717
all	201311	2115637	1871039	710075	109348	58969	2166167	1848491	715717	155658	62093	549801	485194	185509	28546	16729	517918	462343	172074	26055	11340
all old	201311	257023	188243	94664	17891	30769	238602	162062	85426	21936	30818	72554	54049	25883	4666	9250	64989	51575	24093	4217	4110
hashtags	201311	1950126	1804931	663964	95435	31544	1985678	1780853	666892	138309	34909	506212	467337	173591	25000	8703	481987	446687	161495	22918	7908
job opening	201311	87438	73564	28542	3461	6899	86250	71266	24800	3980	6567	24125	18411	7857	959	3935	19860	17206	7289	767	1167
job opportunity	201311	58465	42370	29100	4329	6458	52058	32370	19145	4525	7720	15339	11368	8189	1114	1599	14109	10962	8151	1047	862
job posting	201311	51910	45741	15892	2831	1362	39939	30204	17773	5461	1665	19194	17362	4381	804	490	18197	16821	3674	728	175
we are hiring	201311	60358	27959	24670	7447	16245	61569	29828	26321	8194	14964	14230	7259	6415	1838	3334	13103	6888	5922	1721	1970
all	201312	2077849	1848890	726735	103810	51083	2086958	1846672	700243	107620	57728	537585	483243	188516	24835	12597	561713	498512	199987	28644	14925
all old	201312	228899	170150	92135	16161	23848	252324	185169	93255	17436	29819	53756	39211	22165	3731	6217	61764	44727	25834	4607	7204
hashtags	201312	1929932	1789726	686105	91304	30728	1925458	1782256	655478	94147	31201	501096	468861	178651	21853	7067	519946	481640	188094	25015	8624
job opening	201312	83719	69674	28785	3402	7015	84726	71401	27991	3313	6662	21279	18213	7440	803	918	24408	19290	8246	1065	3096
job opportunity	201312	59637	44902	31740	3891	6036	57785	42114	29066	4230	6338	14781	11062	7833	940	1872	16499	12262	8772	1118	1679
job posting	201312	37499	32089	13537	2489	1257	51699	45563	15554	2813	1395	5581	4396	2758	457	357	7820	6491	3601	613	288
we are hiring	201312	49013	24783	21965	6492	9626	59239	27436	24163	7253	15619	12324	5853	5106	1552	3086	13266	7049	6301	1839	2149
all	201401	2181446	1900213	747885	118964	65122	2077955	1850385	727194	103563	50894	587215	505634	201410	34479	21284	629814	537434	211638	35519	24438
all old	201401	253615	168372	95610	20657	37218	227287	169420	91908	15995	23799	70056	41081	26520	6553	13505	80985	50775	28287	6859	14408
hashtags	201401	2002573	1831797	698971	102225	31903	1931237	1791475	686775	91180	30537	532998	484420	186067	29067	8982	571715	516180	196019	29879	11440
job opening	201401	85765	64980	30765	4190	13008	83608	69597	28820	3412	7012	22450	13149	8181	1381	6665	27229	18601	9160	1384	6275
job opportunity	201401	63343	44448	30120	4783	7225	59579	44989	31773	3849	6056	17750	11459	7147	1461	2624	18711	11982	8175	1603	2725
job posting	201401	37408	31277	13135	2519	1085	36807	31518	13384	2433	1200	10047	7966	4335	843	348	13719	11736	4168	803	352
we are hiring	201401	68177	29132	25130	9319	16080	48254	24607	21811	6411	9617	20189	8962	7622	2911	4024	21622	8944	7751	3116	5064
all	201402	2437348	2113392	785422	145033	82209	2146194	1874797	736235	115191	62978	669291	580087	195464	38000	23653	626397	546247	199721	37215	20368
all old	201402	267281	165026	102568	26017	39455	247151	165830	93069	19532	36261	79116	47528	26913	6779	13394	66211	41990	26861	6643	8706
hashtags	201402	2241413	2032442	727627	124409	47215	1973798	1809308	689590	99443	30672	613480	559692	180730	32745	12266	579438	525371	184255	31956	12434
job opening	201402	67203	49525	29729	4945	8802	85962	65703	30320	3999	12769	17649	12722	7697	1137	2645	17818	13035	7981	1346	2570
job opportunity	201402	71473	42685	27891	6341	11848	62083	43868	29991	4576	7195	21890	11233	7211	1842	5729	16545	9938	7032	1701	2020
job posting	201402	50354	39593	17785	3588	2628	35639	29948	12386	2324	1044	18503	14823	4778	923	520	13150	10824	5015	891	669
we are hiring	201402	79916	35014	30177	11373	16734	64517	27705	23893	8782	15433	21533	9181	7974	2938	4718	19145	8692	7645	2760	3603
all	201403	2821088	2438309	855005	159589	78368	2413297	2094756	774919	143396	80792	776551	653229	230337	41240	18692	775446	667593	231799	42686	24803
all old	201403	319499	218561	108723	26197	40011	262493	162838	100425	25396	38681	100248	72352	30371	7281	10418	97092	67453	30353	7133	12368
hashtags	201403	2595989	2356991	797296	139079	42697	2222264	2015819	718692	123388	46439	703725	630043	214058	35304	9342	705410	644764	215541	36950	13988
job opening	201403	103039	80967	31688	5303	10916	65889	48613	29088	4890	8682	36982	31654	8926	1388	2186	37162	28399	9172	1538	5078
job opportunity	201403	77160	50502	34484	6522	11246	70442	42020	27450	6236	11859	22503	14939	9854	1736	3281	20828	14099	9668	1613	2875
job posting	201403	64147	56300	16992	3476	1629	50200	39766	17376	3469	2567	19356	17261	4690	991	355	19184	16829	4706	1000	346
we are hiring	201403	77277	32821	28722	11132	16795	77596	34165	29450	11024	16130	22198	9121	7787	3245	4820	20418	8716	7669	3046	4177
all	201404	3059003	2652245	917577	157678	71311	2821088	2438309	855005	159589	78368	771148	673696	227791	36097	15407	816209	711170	242200	41422	20114
all old	201404	347525	241257	110771	27853	42265	319499	218561	108723	26197	40011	83537	59592	27026	6675	7862	90317	61062	28823	7455	13100
hashtags	201404	2789699	2567970	858761	136212	33819	2595989	2356991	797296	139079	42697	705535	653684	213795	31134	8801	744737	689306	226625	35678	8620
job opening	201404	152971	125844	32689	5292	14745	103039	80967	31688	5303	10916	37660	33260	7857	1203	2127	41649	32835	8350	1347	6263
job opportunity	201404	75789	49719	36406	7295	10668	77160	50502	34484	6522	11246	18107	11862	9113	1853	2604	19069	12630	9467	1982	2370
job posting	201404	42567	33817	16181	3659	2501	64147	56300	16992	3476	1629	8847	6804	3995	839	519	9321	7160	4136	933	511
we are hiring	201404	78004	33851	28825	11836	14658	77277	32821	28722	11132	16795	19373	8252	6952	2836	2673	20866	8995	7747	3259	4068
all	201405	3100076	2685649	900007	176452	68859	3065994	2664602	919779	157361	71070	819937	717854	223561	45281	17538	760714	654455	224501	46103	17141
all old	201405	332845	235287	108013	27631	35434	345153	239391	110370	27786	42044	89049	65346	26873	6662	9382	79110	55579	26490	6814	9758
hashtags	201405	2855089	2608409	844506	155911	39750	2798151	2580918	861241	136007	33869	761154	699884	210686	40544	9893	700540	635905	211154	41074	9255
job opening	201405	141258	119792	31418	5304	8555	152792	125582	32619	5277	14877	33884	28975	7703	1251	2543	34184	29635	7711	1320	2248
job opportunity	201405	73838	48094	36216	7771	10457	75238	49391	36312	7262	10513	18779	12209	9062	1904	2994	18693	12164	9070	1891	2989
job posting	201405	34196	26764	15493	3157	1740	41389	32625	16042	3645	2546	7889	6364	3729	647	353	8118	6310	3666	800	303
we are hiring	201405	85617	42668	28223	11608	15373	77586	33759	28745	11829	14455	29289	18281	7281	2936	3968	18601	7901	6882	2857	4351
all	201406	3549853	3104548	1020889	188626	86402	3100076	2685649	900007	176452	68859	1033895	908558	289819	53332	23043	939899	813262	281267	53362	27723
all old	201406	376358	267338	128626	27694	51288	332845	235287	108013	27631	35434	103080	74554	35789	7437	13301	107829	72232	36646	7853	19505
hashtags	201406	3273959	3016689	955871	168453	41794	2855089	2608409	844506	155911	39750	956134	883872	271355	47904	11882	858592	787730	262127	47601	9926
job opening	201406	156986	127519	34965	5377	18573	141258	119792	31418	5304	8555	44961	38259	9622	1481	4010	47455	33756	10280	1726	10160
job opportunity	201406	80856	54841	41490	7393	11779	73838	48094	36216	7771	10457	23135	15152	11570	2000	3965	24012	15223	11485	2001	5041
job posting	201406	40759	28153	17810	3478	5791	34196	26764	15493	3157	1740	9997	7533	4830	837	942	10258	7544	4893	913	997
we are hiring	201406	99701	58893	38374	11648	15662	85617	42668	28223	11608	15373	25376	14166	10855	3168	4412	26599	16284	11111	3265	3327
all	201407	4115312	3624428	1099104	197230	88487	3621223	3164744	1040415	191997	87900	1127371	1005362	287728	49882	18991	1109056	978694	284629	52911	21300
all old	201407	446395	325924	137808	30242	53571	385940	274269	131862	28445	52081	123362	96783	38356	8044	9498	129182	95855	37847	8243	12836
hashtags	201407	3806308	3539847	1037088	174250	40514	3337865	3074269	973411	171258	42646	1049921	983725	271834	43748	10968	1027088	957061	268950	46906	10269
job opening	201407	183848	153060	35495	6604	18436	160855	131072	35791	5515	18552	47443	42004	9140	1589	2249	48258	40942	9169	1659	4052
job opportunity	201407	78409	55347	42374	6719	8836	82447	55696	42203	7541	12012	20849	14658	11160	1794	2207	20463	13889	10767	1681	2993
job posting	201407	37638	29452	17293	3101	2096	41614	28837	18269	3558	5800	9980	7888	4428	785	545	10604	8192	4583	809	794
we are hiring	201407	148464	90265	46654	14062	24457	102928	60792	39708	12027	16158	45582	32772	14631	3935	4521	50590	33472	14373	4185	5224
all	201408	4952341	4461140	1197272	189838	111069	4114211	3627065	1096035	196006	88157	1517602	1374723	353231	47535	45847	1445461	1318827	312381	52284	28024
all old	201408	672234	529801	240429	32640	76880	447263	327094	137886	30106	53423	250464	195682	95515	8430	37975	210296	171471	75275	9446	20305
hashtags	201408	4636089	4377008	1136851	167141	40690	3806032	3543316	1034613	173067	40273	1420597	1353580	338147	42047	9048	1363542	1296078	296647	46137	10068
job opening	201408	247912	187222	80398	7145	47721	183891	153000	35337	6585	18497	99379	63236	37842	1856	32536	66349	50282	23862	2345	12282
job opportunity	201408	131423	105299	89300	7082	11887	78046	55193	42255	6639	8738	49747	44449	40004	1794	1833	39164	31308	26586	1923	4000
job posting	201408	41300	32814	16813	3567	2380	37667	29392	17182	3106	2180	9707	7619	4255	810	716	9624	7578	4137	981	482
we are hiring	201408	253191	206425	106377	15088	15019	149613	91690	47085	14022	24262	92020	80846	39794	4024	2902	95644	82856	42200	4270	3586
all	201409	2304810	2130466	594739	69839	31564	4952341	4461140	1197272	189838	111069	0	0	0	0	0	0	0	0	0	0
all old	201409	331448	288893	147109	12697	15571	672234	529801	240429	32640	76880	0	0	0	0	0	0	0	0	0	0
hashtags	201409	2191287	2092492	568580	60894	18527	4636089	4377008	1136851	167141	40690	0	0	0	0	0	0	0	0	0	0
job opening	201409	106820	99344	58763	2216	2476	247912	187222	80398	7145	47721	0	0	0	0	0	0	0	0	0	0
job opportunity	201409	84286	72837	63896	3159	4593	131423	105299	89300	7082	11887	0	0	0	0	0	0	0	0	0	0
job posting	201409	15507	12539	7122	1269	699	41300	32814	16813	3567	2380	0	0	0	0	0	0	0	0	0	0
we are hiring	201409	125535	105137	52423	6149	7823	253191	206425	106377	15088	15019	0	0	0	0	0	0	0	0	0	0
