#Field:candidate	MonthId	NumTweets_Month1	NumDistinctTweets_Month1	NumDistinctUsers_Month1	NumPopularTweets_Month1	NumVerifiedTweets_Month1	NumTweets_Month2	NumDistinctTweets_Month2	NumDistinctUsers_Month2	NumPopularTweets_Month2	NumVerifiedTweets_Month2	NumTweets_Week1	NumDistinctTweets_Week1	NumDistinctUsers_Week1	NumPopularTweets_Week1	NumVerifiedTweets_Week1	NumTweets_Week2	NumDistinctTweets_Week2	NumDistinctUsers_Week2	NumPopularTweets_Week2	NumVerifiedTweets_Week2
all	201101	1195	295	261	156	1195	0	0	0	0	0	565	173	146	75	565	346	69	65	43	346
all old	201101	427	29	28	44	427	0	0	0	0	0	143	12	12	21	143	138	9	9	13	138
hashtags	201101	796	270	237	120	796	0	0	0	0	0	430	163	136	54	430	220	61	57	34	220
job opening	201101	84	6	6	6	84	0	0	0	0	0	33	2	2	3	33	48	3	3	3	48
job opportunity	201101	24	5	5	4	24	0	0	0	0	0	0	0	0	0	0	18	3	3	4	18
job posting	201101	60	2	2	3	60	0	0	0	0	0	57	1	1	3	57	0	0	0	0	0
we are hiring	201101	259	16	16	31	259	0	0	0	0	0	53	9	9	15	53	72	3	3	6	72
all	201102	5134	1501	915	425	5134	994	232	211	124	994	1069	339	231	92	1069	1919	533	286	150	1919
all old	201102	1102	114	81	123	1102	404	25	24	38	404	221	20	19	18	221	233	34	23	34	233
hashtags	201102	4240	1405	850	326	4240	610	209	189	94	610	868	324	218	74	868	1718	505	266	120	1718
job opening	201102	294	27	20	43	294	84	6	6	6	84	54	3	3	3	54	93	12	8	16	93
job opportunity	201102	152	15	12	15	152	24	5	5	4	24	14	3	3	0	14	61	4	4	6	61
job posting	201102	66	9	9	12	66	60	2	2	3	60	45	4	4	6	45	9	2	2	3	9
we are hiring	201102	590	64	41	53	590	236	12	12	25	236	108	11	10	9	108	70	16	9	9	70
all	201103	2112	510	242	151	2112	5428	1627	931	433	5428	240	14	13	16	240	298	30	26	30	298
all old	201103	138	18	18	31	138	1114	115	82	127	1114	0	0	0	0	0	42	2	2	6	42
hashtags	201103	2022	498	230	136	2022	4534	1531	866	334	4534	240	14	13	16	240	256	28	24	24	256
job opening	201103	60	8	8	17	60	294	27	20	43	294	0	0	0	0	0	9	1	1	3	9
job opportunity	201103	49	3	3	7	49	164	16	13	19	164	0	0	0	0	0	33	1	1	3	33
job posting	201103	3	1	1	0	3	66	9	9	12	66	0	0	0	0	0	0	0	0	0	0
we are hiring	201103	26	6	6	7	26	590	64	41	53	590	0	0	0	0	0	0	0	0	0	0
all	201104	5498	776	731	515	5498	2112	510	242	151	2112	507	174	170	73	507	1651	228	215	142	1651
all old	201104	1487	69	62	73	1487	138	18	18	31	138	79	16	15	9	79	580	21	16	22	580
hashtags	201104	4119	725	682	458	4119	2022	498	230	136	2022	432	159	156	64	432	1115	216	203	124	1115
job opening	201104	733	31	25	33	733	60	8	8	17	60	43	6	6	3	43	461	13	8	13	461
job opportunity	201104	214	15	15	12	214	49	3	3	7	49	12	3	3	3	12	35	3	3	3	35
job posting	201104	135	5	5	6	135	3	1	1	0	3	0	0	0	0	0	33	3	3	3	33
we are hiring	201104	405	19	18	22	405	26	6	6	7	26	24	7	6	3	24	51	2	2	3	51
all	201105	1694	444	421	196	1694	5518	786	741	515	5518	372	63	61	58	372	471	127	124	57	471
all old	201105	473	53	53	48	473	1487	69	62	73	1487	58	10	10	12	58	161	15	15	13	161
hashtags	201105	1291	403	380	160	1291	4139	735	692	458	4139	318	54	52	46	318	352	118	115	48	352
job opening	201105	95	15	15	11	95	733	31	25	33	733	3	1	1	0	3	53	6	6	4	53
job opportunity	201105	73	14	14	4	73	214	15	15	12	214	6	2	2	0	6	23	3	3	0	23
job posting	201105	24	5	5	6	24	135	5	5	6	135	6	1	1	3	6	0	0	0	0	0
we are hiring	201105	281	20	20	27	281	405	19	18	22	405	43	6	6	9	43	85	7	7	9	85
all	201106	3019	336	321	281	3019	1694	444	421	196	1694	729	120	114	105	729	996	91	87	71	996
all old	201106	751	63	62	51	751	473	53	53	48	473	113	21	20	23	113	488	23	23	15	488
hashtags	201106	2352	290	276	242	2352	1291	403	380	160	1291	660	105	100	90	660	524	74	70	56	524
job opening	201106	153	18	18	14	153	95	15	15	11	95	36	6	6	4	36	25	5	5	0	25
job opportunity	201106	85	16	16	10	85	73	14	14	4	73	29	6	6	7	29	46	7	7	3	46
job posting	201106	57	10	9	0	57	24	5	5	6	24	9	3	2	0	9	18	3	3	0	18
we are hiring	201106	456	19	19	27	456	281	20	20	27	281	39	6	6	12	39	399	8	8	12	399
all	201107	3412	555	522	425	3412	3125	341	326	292	3125	814	194	175	127	814	896	141	134	109	896
all old	201107	1151	115	109	119	1151	803	66	65	54	803	257	40	35	25	257	328	24	23	27	328
hashtags	201107	2437	460	433	326	2437	2410	293	279	250	2410	581	160	147	106	581	584	121	114	82	584
job opening	201107	128	30	28	20	128	156	19	19	14	156	30	8	7	4	30	20	6	5	0	20
job opportunity	201107	263	30	30	29	263	89	17	17	10	89	79	9	9	6	79	23	5	5	6	23
job posting	201107	84	18	14	9	84	57	10	9	0	57	33	10	6	3	33	33	4	4	3	33
we are hiring	201107	680	38	38	61	680	501	20	20	30	501	115	13	13	12	115	252	9	9	18	252
all	201108	4608	790	746	553	4608	3376	561	528	425	3376	1275	234	220	161	1275	1966	262	246	175	1966
all old	201108	1889	150	148	137	1889	1129	114	108	119	1129	348	46	46	45	348	1051	57	56	47	1051
hashtags	201108	2843	665	623	440	2843	2419	466	439	326	2419	979	198	184	128	979	955	214	199	132	955
job opening	201108	1071	53	53	57	1071	128	30	28	20	128	118	14	14	22	118	736	24	24	22	736
job opportunity	201108	142	27	26	14	142	256	28	28	29	256	67	16	16	7	67	33	4	4	7	33
job posting	201108	219	26	25	19	219	96	19	15	9	96	75	3	3	3	75	27	8	7	3	27
we are hiring	201108	521	48	48	55	521	653	38	38	61	653	88	13	13	13	88	271	22	22	19	271
all	201109	11801	1051	983	1016	11801	4608	790	746	553	4608	1659	242	232	208	1659	2807	311	284	340	2807
all old	201109	2229	147	141	196	2229	1889	150	148	137	1889	507	35	31	46	507	877	35	34	60	877
hashtags	201109	9911	939	878	884	9911	2843	665	623	440	2843	1220	215	209	178	1220	2073	287	262	304	2073
job opening	201109	485	38	38	50	485	1071	53	53	57	1071	54	7	7	3	54	34	3	3	3	34
job opportunity	201109	299	28	28	23	299	142	27	26	14	142	87	5	5	3	87	119	6	6	10	119
job posting	201109	360	34	29	30	360	219	26	25	19	219	192	13	9	15	192	185	10	9	12	185
we are hiring	201109	1085	48	47	93	1085	521	48	48	55	521	174	11	11	25	174	539	16	16	35	539
all	201110	11597	918	866	998	11597	11656	1028	961	998	11656	4137	297	273	317	4137	2701	235	223	281	2701
all old	201110	3163	159	150	218	3163	2194	142	136	184	2194	1409	61	54	79	1409	719	47	46	81	719
hashtags	201110	8693	789	749	824	8693	9805	922	862	878	9805	2828	243	227	254	2828	2093	203	194	224	2093
job opening	201110	390	48	47	53	390	471	36	36	41	471	89	12	12	16	89	165	19	18	35	165
job opportunity	201110	176	22	20	21	176	293	26	26	23	293	102	10	9	12	102	21	5	5	3	21
job posting	201110	326	31	25	12	326	360	34	29	30	360	246	18	12	9	246	32	5	5	3	32
we are hiring	201110	2271	60	60	132	2271	1070	47	46	90	1070	972	22	22	42	972	501	20	20	40	501
all	201111	6324	703	657	521	6324	11597	918	866	998	11597	443	154	145	18	443	556	111	107	55	556
all old	201111	1383	130	125	93	1383	3163	159	150	218	3163	140	38	37	0	140	109	18	18	13	109
hashtags	201111	5045	600	564	440	5045	8693	789	749	824	8693	331	128	121	18	331	463	97	94	46	463
job opening	201111	602	33	33	24	602	390	48	47	53	390	45	11	11	0	45	51	6	6	9	51
job opportunity	201111	99	22	22	6	99	176	22	20	21	176	31	8	8	0	31	21	4	4	0	21
job posting	201111	162	30	25	18	162	326	31	25	12	326	15	5	4	0	15	9	3	3	0	9
we are hiring	201111	520	46	46	45	520	2271	60	60	132	2271	49	15	15	0	49	28	5	5	4	28
all	201112	2078	741	687	86	2078	5591	630	592	457	5591	467	173	161	19	467	734	264	241	19	734
all old	201112	694	183	176	12	694	1130	117	116	83	1130	151	40	40	3	151	287	73	72	3	287
hashtags	201112	1524	615	569	74	1524	4561	540	508	382	4561	356	149	137	16	356	491	211	189	16	491
job opening	201112	291	69	67	9	291	599	32	32	24	599	62	14	14	3	62	136	33	32	3	136
job opportunity	201112	210	57	56	0	210	103	23	23	6	103	47	13	13	0	47	88	22	22	0	88
job posting	201112	83	24	21	0	83	129	22	21	18	129	12	4	4	0	12	24	5	5	0	24
we are hiring	201112	110	33	33	3	110	299	41	41	35	299	30	9	9	0	30	39	13	13	0	39
all	201201	9399	1317	1210	541	9399	2078	737	683	86	2078	7138	556	507	480	7138	1183	344	314	51	1183
all old	201201	3764	335	317	127	3764	697	183	176	12	697	2749	117	112	110	2749	518	80	74	17	518
hashtags	201201	6031	1074	985	442	6031	1525	613	567	74	1525	4537	457	414	390	4537	761	291	267	42	761
job opening	201201	504	95	94	20	504	293	69	67	9	293	241	30	30	20	241	107	26	26	4	107
job opportunity	201201	767	131	126	26	767	211	57	56	0	211	183	27	27	16	183	339	31	29	10	339
job posting	201201	139	38	27	15	139	83	24	21	0	83	84	21	16	15	84	27	8	4	3	27
we are hiring	201201	2354	74	73	66	2354	110	33	33	3	110	2241	42	42	59	2241	45	15	15	0	45
all	201202	16968	2060	1886	2002	16968	6467	1172	1086	366	6467	4398	559	506	564	4398	2893	438	417	410	2893
all old	201202	5135	439	425	577	5135	3362	310	292	94	3362	1834	118	115	163	1834	1201	101	99	165	1201
hashtags	201202	12491	1743	1580	1538	12491	3489	951	883	300	3489	2751	482	431	437	2751	1912	373	354	293	1912
job opening	201202	1479	159	158	201	1479	369	87	86	8	369	336	48	48	65	336	334	34	34	37	334
job opportunity	201202	590	97	94	69	590	750	126	121	26	750	128	22	21	15	128	176	23	23	32	176
job posting	201202	275	44	38	37	275	127	36	25	12	127	72	12	11	6	72	104	11	10	16	104
we are hiring	201202	2810	150	147	275	2810	2116	63	62	48	2116	1302	41	40	77	1302	587	33	33	80	587
all	201203	20606	2241	1998	1940	20606	17684	2061	1883	2033	17684	4002	483	434	390	4002	4909	546	483	424	4909
all old	201203	8356	420	407	631	8356	5320	439	424	602	5320	1764	89	86	131	1764	1880	96	95	133	1880
hashtags	201203	12697	1918	1691	1368	12697	13018	1744	1578	1544	13018	2329	416	371	278	2329	3113	467	405	299	3113
job opening	201203	1892	172	167	230	1892	1512	160	159	223	1512	361	43	41	43	361	710	32	31	33	710
job opportunity	201203	2199	79	76	123	2199	580	95	92	66	580	1061	23	22	48	1061	394	14	14	24	394
job posting	201203	283	43	39	52	283	284	46	39	40	284	18	4	4	3	18	63	11	11	6	63
we are hiring	201203	4002	137	136	230	4002	2963	150	147	278	2963	328	21	21	37	328	713	41	41	70	713
all	201204	16003	2231	1984	1906	16003	20606	2241	1998	1940	20606	4450	709	632	607	4450	5755	636	567	626	5755
all old	201204	7183	448	413	623	7183	8356	420	407	631	8356	1915	133	127	187	1915	2502	133	120	223	2502
hashtags	201204	9436	1919	1697	1386	9436	12697	1918	1691	1368	12697	2760	613	543	456	2760	3509	557	493	448	3509
job opening	201204	2383	156	152	237	2383	1892	172	167	230	1892	425	45	43	42	425	845	43	43	102	845
job opportunity	201204	2269	126	114	123	2269	2199	79	76	123	2199	576	42	42	65	576	342	44	36	21	342
job posting	201204	889	57	44	79	889	283	43	39	52	283	622	15	13	21	622	668	14	12	40	668
we are hiring	201204	2253	127	122	204	2253	4002	137	136	230	4002	310	42	41	64	310	661	36	34	65	661
all	201205	24286	2591	2336	2423	24286	15738	2318	2061	1989	15738	5060	677	623	690	5060	5347	675	617	619	5347
all old	201205	12291	488	465	752	12291	6618	465	429	647	6618	1781	135	131	224	1781	1836	106	100	146	1836
hashtags	201205	12585	2199	1969	1778	12585	9752	1992	1761	1449	9752	3491	567	516	519	3491	3585	587	535	481	3585
job opening	201205	5007	132	129	189	5007	2378	155	151	237	2378	299	36	35	40	299	320	27	27	25	320
job opportunity	201205	3565	131	128	220	3565	1486	135	123	132	1486	505	42	41	78	505	834	26	26	51	834
job posting	201205	672	75	60	66	672	892	58	44	79	892	100	19	17	15	100	156	20	15	24	156
we are hiring	201205	3083	171	166	281	3083	2473	135	130	219	2473	877	46	45	91	877	562	36	35	50	562
all	201206	15187	2326	2084	1784	15187	24286	2591	2336	2423	24286	4385	602	528	502	4385	2571	557	509	340	2571
all old	201206	5268	449	416	510	5268	12291	488	465	752	12291	2376	138	125	183	2376	587	111	104	72	587
hashtags	201206	10716	1979	1767	1380	10716	12585	2199	1969	1778	12585	2173	494	432	343	2173	2101	471	429	291	2101
job opening	201206	2439	147	143	164	2439	5007	132	129	189	5007	1901	57	55	108	1901	158	35	34	10	158
job opportunity	201206	951	107	102	158	951	3565	131	128	220	3565	151	24	21	34	151	181	24	23	27	181
job posting	201206	335	66	44	43	335	672	75	60	66	672	62	14	8	10	62	78	17	13	15	78
we are hiring	201206	1574	145	140	154	1574	3083	171	166	281	3083	277	46	43	36	277	170	38	36	20	170
all	201207	13286	2326	2058	1566	13286	14275	2228	1996	1680	14275	2661	609	549	372	2661	4188	619	561	474	4188
all old	201207	5653	522	486	511	5653	4875	425	393	468	4875	1049	150	141	132	1049	2259	148	137	182	2259
hashtags	201207	8479	1930	1700	1154	8479	10138	1897	1695	1307	10138	1807	497	446	276	1807	2317	511	464	323	2317
job opening	201207	1796	155	147	122	1796	2362	139	136	151	2362	263	44	42	28	263	1191	38	35	63	1191
job opportunity	201207	1170	119	113	110	1170	863	96	92	145	863	124	28	28	10	124	467	42	40	50	467
job posting	201207	1077	56	50	79	1077	329	64	42	43	329	260	21	16	31	260	61	9	8	9	61
we are hiring	201207	1630	199	183	204	1630	1352	140	135	138	1352	402	59	57	63	402	540	61	55	60	540
all	201208	24734	3151	2702	2705	24734	13860	2431	2149	1637	13860	8853	839	737	816	8853	3966	818	708	699	3966
all old	201208	10498	764	681	927	10498	5888	551	515	540	5888	3181	219	206	314	3181	1524	200	179	233	1524
hashtags	201208	15526	2539	2169	1949	15526	8850	2012	1770	1204	8850	6142	664	573	550	6142	2737	657	568	522	2737
job opening	201208	3337	179	165	176	3337	1829	161	153	129	1829	633	42	38	55	633	195	36	34	32	195
job opportunity	201208	1251	125	118	160	1251	1303	126	120	122	1303	350	36	35	54	350	228	34	34	35	228
job posting	201208	1082	127	96	174	1082	1098	59	53	82	1098	228	27	21	47	228	231	28	22	38	231
we are hiring	201208	4916	344	314	425	4916	1678	212	196	211	1678	2054	119	117	166	2054	874	105	92	128	874
all	201209	26433	3487	2857	3082	26433	24734	3151	2702	2705	24734	5915	1183	831	806	5915	5616	774	683	759	5616
all old	201209	12697	784	726	1118	12697	10498	764	681	927	10498	1924	227	209	289	1924	2536	188	177	297	2536
hashtags	201209	17158	2832	2261	2129	17158	15526	2539	2169	1949	15526	4221	979	645	549	4221	3298	611	532	494	3298
job opening	201209	4445	192	184	196	4445	3337	179	165	176	3337	209	55	54	30	209	998	53	52	68	998
job opportunity	201209	1642	158	155	329	1642	1251	125	118	160	1251	470	41	40	87	470	373	34	34	71	373
job posting	201209	1106	102	88	153	1106	1082	127	96	174	1082	264	29	24	50	264	403	20	19	47	403
we are hiring	201209	5801	347	312	463	5801	4916	344	314	425	4916	985	105	93	122	985	823	87	78	122	823
all	201210	30739	3778	3361	3733	30739	26718	3519	2890	3118	26718	6974	965	862	820	6974	12500	1032	909	1135	12500
all old	201210	16423	1001	897	1598	16423	12706	795	735	1138	12706	3703	265	228	327	3703	8521	292	261	557	8521
hashtags	201210	15894	2932	2621	2436	15894	17434	2851	2283	2153	17434	3615	743	677	545	3615	4493	787	698	675	4493
job opening	201210	6775	256	247	349	6775	4462	197	189	199	4462	829	52	50	42	829	5577	87	85	190	5577
job opportunity	201210	2754	192	181	449	2754	1688	165	162	337	1688	579	53	49	98	579	683	59	54	130	683
job posting	201210	1885	124	105	180	1885	1126	104	89	156	1126	643	34	25	43	643	539	30	26	44	539
we are hiring	201210	5019	454	390	625	5019	5727	345	309	469	5727	1652	131	111	144	1652	1732	123	103	198	1732
all	201211	24693	3286	2946	2925	24693	30739	3778	3361	3733	30739	3515	689	621	538	3515	5934	937	839	869	5934
all old	201211	8274	833	757	1150	8274	16423	1001	897	1598	16423	1379	141	132	218	1379	2784	245	217	405	2784
hashtags	201211	17366	2581	2315	1952	17366	15894	2932	2621	2436	15894	2400	580	520	362	2400	3530	734	665	538	3530
job opening	201211	1440	205	197	142	1440	6775	256	247	349	6775	158	38	37	10	158	546	59	56	56	546
job opportunity	201211	1707	151	143	285	1707	2754	192	181	449	2754	287	28	28	82	287	431	43	42	85	431
job posting	201211	1178	100	84	202	1178	1885	124	105	180	1885	284	27	24	48	284	411	35	25	69	411
we are hiring	201211	3961	387	347	525	3961	5019	454	390	625	5019	650	49	44	78	650	1408	113	102	199	1408
all	201212	18180	2880	2597	2364	18180	24078	3183	2843	2800	24078	3560	683	602	487	3560	5875	813	742	693	5875
all old	201212	9031	828	747	1106	9031	8059	806	731	1095	8059	1858	189	176	234	1858	3129	252	230	390	3129
hashtags	201212	10825	2285	2040	1469	10825	16946	2501	2233	1878	16946	2042	546	474	310	2042	3146	617	561	362	3146
job opening	201212	2077	212	203	251	2077	1342	203	195	136	1342	224	40	39	42	224	1145	75	71	116	1145
job opportunity	201212	1997	158	152	228	1997	1649	144	136	275	1649	502	45	42	48	502	487	45	43	61	487
job posting	201212	1094	108	96	166	1094	1253	97	81	181	1253	143	24	23	19	143	446	40	34	82	446
we are hiring	201212	3926	367	313	478	3926	3827	371	332	507	3827	1019	84	77	134	1019	1067	96	86	135	1067
all	201301	19397	2645	2403	2165	19397	17906	2862	2585	2342	17906	6870	755	697	719	6870	5590	879	801	730	5590
all old	201301	10539	801	763	1083	10539	8841	826	746	1100	8841	3664	226	219	376	3664	2967	284	276	388	2967
hashtags	201301	10465	2021	1808	1259	10465	10737	2268	2028	1453	10737	3764	583	530	406	3764	2966	644	575	401	2966
job opening	201301	2550	173	171	174	2550	2028	208	200	248	2028	1012	53	53	59	1012	528	56	56	68	528
job opportunity	201301	2485	202	198	294	2485	2000	159	153	228	2000	544	41	40	71	544	707	68	68	101	707
job posting	201301	1146	108	100	150	1146	950	109	97	163	950	618	33	33	72	618	332	40	38	57	332
we are hiring	201301	4362	334	312	465	4362	3926	367	313	478	3926	1490	103	98	174	1490	1400	126	121	162	1400
all	201302	32062	3406	3077	3517	32062	16862	2452	2229	1981	16862	11083	940	831	982	11083	8940	989	869	1108	8940
all old	201302	20198	1069	995	1880	20198	9163	736	702	978	9163	7907	275	255	507	7907	4893	304	276	609	4893
hashtags	201302	13768	2569	2303	1907	13768	9224	1878	1682	1173	9224	3635	727	636	551	3635	4766	745	650	600	4766
job opening	201302	3052	219	208	359	3052	1831	164	162	160	1831	461	50	50	67	461	1086	85	76	170	1086
job opportunity	201302	3137	206	197	386	3137	2552	193	190	286	2552	465	47	46	94	465	1109	62	60	168	1109
job posting	201302	3778	181	161	401	3778	755	97	89	117	755	1701	56	50	154	1701	256	41	32	55	256
we are hiring	201302	10345	496	464	754	10345	4039	297	277	420	4039	5346	127	115	201	5346	2473	128	120	228	2473
all	201303	24687	3845	3122	3328	24687	32096	3425	3085	3533	32096	4806	955	769	729	4806	6698	1000	769	882	6698
all old	201303	12126	962	916	1643	12126	20271	1083	1007	1905	20271	2028	219	205	313	2028	3259	230	218	476	3259
hashtags	201303	14231	3103	2412	1978	14231	13751	2573	2297	1905	13751	3128	794	615	471	3128	3696	812	593	455	3696
job opening	201303	1986	225	224	293	1986	3095	225	214	365	3095	399	51	51	66	399	791	64	64	118	791
job opportunity	201303	3370	250	236	540	3370	3175	209	200	403	3175	586	50	48	105	586	813	62	54	176	813
job posting	201303	1116	91	82	172	1116	3803	182	162	404	3803	151	22	18	30	151	401	17	15	32	401
we are hiring	201303	5774	416	394	663	5774	10320	501	467	757	10320	917	99	91	117	917	1254	92	90	150	1254
all	201304	25179	4352	3319	3254	25179	24687	3845	3122	3328	24687	6395	1286	946	828	6395	6654	1388	1017	870	6654
all old	201304	12196	1057	969	1601	12196	12126	962	916	1643	12126	2727	296	275	405	2727	3185	325	296	421	3185
hashtags	201304	14785	3588	2608	1959	14785	14231	3103	2412	1978	14231	4215	1081	753	540	4215	4027	1165	806	515	4027
job opening	201304	3105	267	261	398	3105	1986	225	224	293	1986	535	60	59	55	535	1081	85	84	120	1081
job opportunity	201304	2619	224	210	444	2619	3370	250	236	540	3370	809	68	64	149	809	576	62	59	87	576
job posting	201304	1151	116	107	209	1151	1116	91	82	172	1116	323	38	34	62	323	406	32	30	69	406
we are hiring	201304	5337	472	419	554	5337	5774	416	394	663	5774	1064	133	122	139	1064	1122	154	132	145	1122
all	201305	51624	15183	4443	3787	51624	25932	4541	3430	3324	25932	13762	4555	1191	990	13762	14833	4971	1156	1040	14833
all old	201305	16321	1359	1216	1597	16321	12477	1089	997	1645	12477	3462	358	322	444	3462	3735	354	322	380	3735
hashtags	201305	38464	14310	3633	2586	38464	15504	3768	2710	2020	15504	10976	4318	971	648	10976	11841	4736	938	752	11841
job opening	201305	3326	325	289	386	3326	3194	272	264	407	3194	763	77	77	114	763	414	66	66	52	414
job opportunity	201305	3893	238	227	290	3893	2641	226	212	447	2641	559	65	63	85	559	576	68	64	73	576
job posting	201305	2052	167	143	232	2052	1205	126	116	219	1205	486	32	27	46	486	441	38	30	57	441
we are hiring	201305	7223	652	581	709	7223	5573	491	435	591	5573	1662	190	162	199	1662	2304	185	165	198	2304
all	201306	54859	18529	4048	4153	54859	51624	15183	4443	3787	51624	13785	4727	973	999	13785	14685	4854	1061	1277	14685
all old	201306	13549	1215	1128	1624	13549	16321	1359	1216	1597	16321	3314	293	275	388	3314	3951	357	331	522	3951
hashtags	201306	42985	17633	3204	2738	42985	38464	14310	3633	2586	38464	10906	4519	773	663	10906	11232	4596	817	806	11232
job opening	201306	4771	321	310	527	4771	3326	325	289	386	3326	1519	77	75	136	1519	1608	91	91	203	1608
job opportunity	201306	1806	224	210	272	1806	3893	238	227	290	3893	350	50	50	54	350	523	63	56	99	523
job posting	201306	1560	111	103	178	1560	2052	167	143	232	2052	185	25	24	39	185	462	36	33	54	462
we are hiring	201306	5448	576	524	647	5448	7223	652	581	709	7223	1264	142	127	159	1264	1374	171	155	166	1374
all	201307	58105	14813	4075	3754	58105	55006	18495	4045	4248	55006	16548	3715	1075	1318	16548	13339	3794	1047	1003	13339
all old	201307	21200	1362	1232	1526	21200	13746	1230	1139	1663	13746	5297	327	296	465	5297	4672	374	351	408	4672
hashtags	201307	39327	13819	3151	2526	39327	43059	17593	3197	2802	43059	11942	3478	849	956	11942	9235	3507	776	662	9235
job opening	201307	4703	306	276	341	4703	4852	322	309	530	4852	612	77	66	101	612	1819	83	79	104	1819
job opportunity	201307	3020	304	296	393	3020	1842	229	215	290	1842	636	63	58	78	636	848	95	95	114	848
job posting	201307	7183	126	111	153	7183	1514	115	105	184	1514	1915	30	30	48	1915	233	33	29	30	233
we are hiring	201307	6460	646	570	646	6460	5574	581	528	659	5574	2134	160	146	238	2134	1919	168	153	167	1919
all	201308	66199	9978	4201	7206	66199	58083	14569	4063	3712	58083	15773	2470	977	1803	15773	15407	2442	994	1635	15407
all old	201308	27766	1383	1234	3160	27766	21530	1348	1221	1526	21530	7349	339	295	834	7349	6413	294	264	645	6413
hashtags	201308	42897	8988	3292	4624	42897	38907	13585	3145	2484	38907	9910	2224	759	1138	9910	10200	2243	811	1168	10200
job opening	201308	6829	297	274	715	6829	4662	307	279	350	4662	1062	82	74	125	1062	2535	68	63	141	2535
job opportunity	201308	8353	359	338	1133	8353	3205	302	294	397	3205	2656	92	80	387	2656	1017	67	63	211	1017
job posting	201308	2243	114	102	246	2243	7146	121	108	144	7146	451	30	22	58	451	460	22	22	45	460
we are hiring	201308	10409	639	551	1078	10409	6683	638	562	642	6683	3200	145	130	268	3200	2457	143	123	256	2457
all	201309	64993	9776	4177	7129	64993	66199	9978	4201	7206	66199	18076	2597	1161	1786	18076	18980	2671	1200	2090	18980
all old	201309	31212	1272	1165	3053	31212	27766	1383	1234	3160	27766	9116	305	282	747	9116	9794	406	367	988	9794
hashtags	201309	36478	8755	3244	4515	36478	42897	8988	3292	4624	42897	9561	2342	927	1118	9561	9836	2352	910	1253	9836
job opening	201309	7226	319	295	728	7226	6829	297	274	715	6829	876	75	72	142	876	2516	80	76	233	2516
job opportunity	201309	9414	315	288	924	9414	8353	359	338	1133	8353	4153	74	68	268	4153	2495	111	99	272	2495
job posting	201309	1235	123	104	262	1235	2243	114	102	246	2243	370	29	22	45	370	298	39	36	52	298
we are hiring	201309	13984	560	523	1162	13984	10409	639	551	1078	10409	3864	134	128	299	3864	4793	188	168	435	4793
all	201310	62093	9540	4052	6703	62093	66310	9818	4301	7261	66310	18631	2578	1149	1878	18631	19069	2447	955	1598	19069
all old	201310	30818	1325	1199	3064	30818	31964	1329	1215	3164	31964	10186	357	321	890	10186	11774	321	295	738	11774
hashtags	201310	34909	8565	3174	4208	34909	36950	8753	3329	4552	36950	9021	2295	906	1109	9021	8021	2225	749	1000	8021
job opening	201310	6567	266	236	605	6567	7340	326	301	752	7340	3435	84	79	178	3435	2609	75	64	149	2609
job opportunity	201310	7720	271	254	751	7720	9844	329	300	946	9844	3418	76	70	237	3418	3071	51	49	155	3071
job posting	201310	1665	119	103	242	1665	1326	130	111	275	1326	633	38	29	78	633	431	33	32	64	431
we are hiring	201310	14964	701	641	1475	14964	14101	591	550	1214	14101	2700	171	156	397	2700	5717	168	156	375	5717
all	201311	58969	9548	4100	6386	58969	62093	9540	4052	6703	62093	16729	2563	1029	1727	16729	11340	2428	959	1403	11340
all old	201311	30769	1391	1241	3182	30769	30818	1325	1199	3064	30818	9250	357	330	898	9250	4110	292	268	582	4110
hashtags	201311	31544	8559	3196	3737	31544	34909	8565	3174	4208	34909	8703	2312	792	988	8703	7908	2225	765	915	7908
job opening	201311	6899	314	295	812	6899	6567	266	236	605	6567	3935	94	88	303	3935	1167	76	76	154	1167
job opportunity	201311	6458	304	286	883	6458	7720	271	254	751	7720	1599	83	81	227	1599	862	57	57	157	862
job posting	201311	1362	107	94	167	1362	1665	119	103	242	1665	490	28	23	42	490	175	18	17	37	175
we are hiring	201311	16245	709	610	1358	16245	14964	701	641	1475	14964	3334	166	152	345	3334	1970	152	129	250	1970
all	201312	51083	8359	3959	6492	51083	57728	9485	3994	6178	57728	12597	2058	990	1616	12597	14925	2228	1178	1900	14925
all old	201312	23848	1179	1083	3119	23848	29819	1336	1199	3056	29819	6217	278	260	775	6217	7204	358	320	951	7204
hashtags	201312	30728	7518	3183	3916	30728	31201	8547	3128	3643	31201	7067	1849	797	991	7067	8624	1964	941	1095	8624
job opening	201312	7015	294	278	849	7015	6662	300	283	769	6662	918	68	61	152	918	3096	100	95	323	3096
job opportunity	201312	6036	279	256	931	6036	6338	295	278	863	6338	1872	78	69	316	1872	1679	69	65	241	1679
job posting	201312	1257	118	100	237	1257	1395	105	92	167	1395	357	25	24	55	357	288	44	28	64	288
we are hiring	201312	9626	538	499	1113	9626	15619	679	589	1295	15619	3086	119	118	256	3086	2149	156	143	327	2149
all	201401	65122	8386	4258	7441	65122	50894	8331	3965	6485	50894	21284	2454	1263	2263	21284	24438	2569	1347	2494	24438
all old	201401	37218	1430	1321	3934	37218	23799	1181	1084	3122	23799	13505	447	420	1286	13505	14408	455	421	1288	14408
hashtags	201401	31903	7297	3245	4163	31903	30537	7485	3185	3906	30537	8982	2100	933	1196	8982	11440	2234	1029	1404	11440
job opening	201401	13008	389	361	1162	13008	7012	294	277	851	7012	6665	137	128	451	6665	6275	136	126	442	6275
job opportunity	201401	7225	334	323	1034	7225	6056	280	257	934	6056	2624	121	118	325	2624	2725	102	99	286	2725
job posting	201401	1085	86	79	168	1085	1200	117	99	234	1200	348	25	25	49	348	352	33	27	60	352
we are hiring	201401	16080	659	598	1582	16080	9617	538	499	1114	9617	4024	186	171	469	4024	5064	190	177	500	5064
all	201402	82209	9741	5236	9050	82209	62978	8174	4089	7155	62978	23653	2584	1343	2304	23653	20368	2811	1345	2301	20368
all old	201402	39455	1681	1575	4320	39455	36261	1362	1254	3820	36261	13394	424	403	1133	13394	8706	418	384	1110	8706
hashtags	201402	47215	8400	3982	5381	47215	30672	7147	3138	3994	30672	12266	2246	1025	1390	12266	12434	2475	1031	1316	12434
job opening	201402	8802	462	427	1229	8802	12769	369	343	1112	12769	2645	99	94	271	2645	2570	127	118	427	2570
job opportunity	201402	11848	395	385	1101	11848	7195	315	300	1049	7195	5729	109	106	354	5729	2020	94	90	249	2020
job posting	201402	2628	149	138	343	2628	1044	83	76	155	1044	520	47	46	88	520	669	46	42	97	669
we are hiring	201402	16734	736	687	1711	16734	15433	629	571	1516	15433	4718	187	175	444	4718	3603	168	152	357	3603
all	201403	78368	11276	4687	10698	78368	80792	9633	5126	8930	80792	18692	2504	1246	2763	18692	24803	3971	1248	3212	24803
all old	201403	40011	1750	1621	4638	40011	38681	1648	1546	4264	38681	10418	460	426	1289	10418	12368	458	436	1344	12368
hashtags	201403	42697	9962	3442	6811	42697	46439	8331	3906	5306	46439	9342	2144	911	1663	9342	13988	3624	913	2097	13988
job opening	201403	10916	475	470	1342	10916	8682	462	427	1247	8682	2186	123	121	351	2186	5078	144	143	457	5078
job opportunity	201403	11246	394	376	1226	11246	11859	386	376	1083	11859	3281	127	123	415	3281	2875	88	84	305	2875
job posting	201403	1629	132	116	308	1629	2567	145	134	331	2567	355	32	27	75	355	346	31	26	78	346
we are hiring	201403	16795	827	737	1825	16795	16130	714	669	1667	16130	4820	202	179	460	4820	4177	220	208	517	4177
all	201404	71311	7022	4990	8740	71311	78368	11276	4687	10698	78368	15407	1769	1223	2118	15407	20114	1936	1328	2280	20114
all old	201404	42265	1664	1558	4481	42265	40011	1750	1621	4638	40011	7862	401	379	1121	7862	13100	467	438	1197	13100
hashtags	201404	33819	5795	3840	5112	33819	42697	9962	3442	6811	42697	8801	1493	962	1304	8801	8620	1604	1013	1302	8620
job opening	201404	14745	458	442	1185	14745	10916	475	470	1342	10916	2127	108	106	247	2127	6263	124	121	290	6263
job opportunity	201404	10668	325	309	1082	10668	11246	394	376	1226	11246	2604	100	95	336	2604	2370	86	82	286	2370
job posting	201404	2501	147	139	418	2501	1629	132	116	308	1629	519	35	35	91	519	511	36	36	102	511
we are hiring	201404	14658	769	708	1845	14658	16795	827	737	1825	16795	2673	172	157	462	2673	4068	227	206	527	4068
all	201405	68859	7954	5490	9306	68859	71070	7081	5026	8678	71070	17538	1979	1344	2266	17538	17141	1981	1345	2395	17141
all old	201405	35434	1798	1667	4583	35434	42044	1664	1555	4447	42044	9382	460	426	1108	9382	9758	471	423	1224	9758
hashtags	201405	39750	6789	4399	6066	39750	33869	5853	3877	5085	33869	9893	1701	1079	1495	9893	9255	1671	1063	1549	9255
job opening	201405	8555	436	415	1234	8555	14877	454	438	1165	14877	2543	108	104	302	2543	2248	107	99	313	2248
job opportunity	201405	10457	461	451	1386	10457	10513	321	304	1061	10513	2994	128	126	369	2994	2989	121	117	389	2989
job posting	201405	1740	131	127	288	1740	2546	153	143	433	2546	353	25	25	47	353	303	24	24	58	303
we are hiring	201405	15373	835	741	1731	15373	14455	772	711	1841	14455	3968	217	189	422	3968	4351	232	197	475	4351
all	201406	86402	8466	6220	9650	86402	68859	7954	5490	9306	68859	23043	2396	1837	2720	23043	27723	2296	1749	2657	27723
all old	201406	51288	2169	1985	4880	51288	35434	1798	1667	4583	35434	13301	630	597	1361	13301	19505	659	613	1405	19505
hashtags	201406	41794	6917	4799	6079	41794	39750	6789	4399	6066	39750	11882	1946	1409	1787	11882	9926	1804	1293	1637	9926
job opening	201406	18573	473	462	1188	18573	8555	436	415	1234	8555	4010	128	127	304	4010	10160	174	172	418	10160
job opportunity	201406	11779	673	633	1531	11779	10457	461	451	1386	10457	3965	194	192	413	3965	5041	222	202	503	5041
job posting	201406	5791	183	166	534	5791	1740	131	127	288	1740	942	48	42	111	942	997	44	38	93	997
we are hiring	201406	15662	885	774	1678	15662	15373	835	741	1731	15373	4412	265	244	541	4412	3327	232	216	395	3327
all	201407	88487	8371	6112	9708	88487	87900	8650	6403	9898	87900	18991	2212	1529	2541	18991	21300	2066	1503	2421	21300
all old	201407	53571	1981	1829	4931	53571	52081	2232	2049	4994	52081	9498	488	455	1263	9498	12836	456	427	1229	12836
hashtags	201407	40514	6894	4731	5815	40514	42646	7042	4926	6249	42646	10968	1845	1183	1515	10968	10269	1728	1180	1414	10269
job opening	201407	18436	481	452	1353	18436	18552	481	470	1195	18552	2249	115	108	313	2249	4052	121	118	301	4052
job opportunity	201407	8836	482	467	1269	8836	12012	688	648	1555	12012	2207	120	116	297	2207	2993	98	95	311	2993
job posting	201407	2096	140	127	287	2096	5800	184	167	537	5800	545	29	29	58	545	794	30	30	62	794
we are hiring	201407	24457	923	834	2057	24457	16158	921	811	1750	16158	4521	233	214	599	4521	5224	228	207	586	5224
all	201408	111069	9334	6031	10124	111069	88157	8343	6043	9623	88157	45847	2307	1474	2441	45847	28024	2360	1527	2897	28024
all old	201408	76880	1933	1824	5502	76880	53423	1954	1804	4913	53423	37975	493	471	1385	37975	20305	543	515	1765	20305
hashtags	201408	40690	7955	4713	5831	40690	40273	6888	4683	5728	40273	9048	1959	1138	1337	9048	10068	1953	1135	1479	10068
job opening	201408	47721	545	527	1900	47721	18497	479	450	1351	18497	32536	178	173	574	32536	12282	191	185	828	12282
job opportunity	201408	11887	437	430	1391	11887	8738	472	456	1267	8738	1833	112	111	328	1833	4000	135	133	415	4000
job posting	201408	2380	136	125	340	2380	2180	143	130	293	2180	716	39	35	102	716	482	34	32	99	482
we are hiring	201408	15019	838	767	1895	15019	24262	905	819	2037	24262	2902	169	158	385	2902	3586	189	171	431	3586
all	201409	31564	3513	2501	3810	31564	111069	9334	6031	10124	111069	0	0	0	0	0	0	0	0	0	0
all old	201409	15571	767	725	1768	15571	76880	1933	1824	5502	76880	0	0	0	0	0	0	0	0	0	0
hashtags	201409	18527	2994	2001	2452	18527	40690	7955	4713	5831	40690	0	0	0	0	0	0	0	0	0	0
job opening	201409	2476	139	136	291	2476	47721	545	527	1900	47721	0	0	0	0	0	0	0	0	0	0
job opportunity	201409	4593	229	223	558	4593	11887	437	430	1391	11887	0	0	0	0	0	0	0	0	0	0
job posting	201409	699	57	56	124	699	2380	136	125	340	2380	0	0	0	0	0	0	0	0	0	0
we are hiring	201409	7823	352	321	803	7823	15019	838	767	1895	15019	0	0	0	0	0	0	0	0	0	0
