#Field:candidate	AggregationKey	Score	AverageScore	NumTweets	NumPositive	NumNegative	NumNeutral	FanCount	NumDistinctTweets	NumDistinctUsers	NumPopularTweets	NumVerifiedTweets
all	201012	-171.5114974	-0.027811172	6167	1528	163	4476	0	6145	1380	19	0
all	201101	-24405.85024	-0.025337537	963229	225587	31639	706003	0	953408	47675	7393	702
all	201102	-4419.130079	-0.005224966	845772	215001	30650	600121	0	835334	44409	6740	1944
all	201103	-3276.597542	-0.030233329	108377	26360	4800	77217	0	105056	14388	1426	934
all	201104	-24545.62312	-0.041036654	598139	144402	24876	428861	0	590389	37498	4289	1800
all	201105	-15180.82323	-0.040821943	371879	89466	12764	269649	0	368122	27929	2411	617
all	201106	-3666.392939	-0.009036913	405713	102706	13671	289336	0	397146	33736	4711	1174
all	201107	16985.34382	0.023356702	727215	199908	24324	502983	0	708246	52111	9991	1256
all	201108	-5586.78628	-0.007107626	786027	203562	26776	555689	0	770415	57350	8674	2199
all	201109	-36051.14235	-0.047717877	755506	178804	27770	548932	0	740152	55263	8097	4088
all	201110	-23755.64641	-0.04413874	538204	128193	20132	389879	0	523993	44937	6132	5102
all	201111	-24835.20972	-0.046701248	531789	125061	15507	391221	0	522204	41422	5222	1364
all	201112	22574.16022	0.016972951	1330008	379100	57544	893364	0	1313818	70055	11376	562
all	201201	13472.55138	0.007013451	1920959	552695	98531	1269733	0	1729237	110429	28063	3675
all	201202	84456.4898	0.049883578	1693072	478486	74242	1140344	0	1465339	97740	35144	3894
all	201203	101332.1477	0.045219862	2240877	503645	108849	1628383	0	1545250	108216	31089	5261
all	201204	113020.9502	0.057361257	1970336	530640	273781	1165915	0	1334467	123063	32062	3100
all	201205	123033.294	0.025966202	4738209	927443	503575	3307191	0	1464823	120252	40352	5499
all	201206	117827.2346	0.053997249	2182097	961322	75945	1144830	0	1313849	118462	32069	4022
all	201207	134939.8547	0.055100387	2448982	1127607	134967	1186408	0	1412278	142817	36240	3846
all	201208	159467.5967	0.043430443	3671793	1545356	118003	2008434	0	1736502	166353	55540	4987
all	201209	177860.9699	0.026896904	6612693	1235925	179089	5197679	0	1765434	165565	74133	6614
all	201210	163341.5849	0.035226318	4636919	2221201	170080	2245638	0	1884105	199571	84076	7024
all	201211	148444.2803	0.021435174	6925266	2764306	377703	3783257	0	1721047	200809	73059	7654
all	201212	137988.3296	0.090269162	1528632	507216	109784	911632	0	1284572	109486	26266	3086
all	201301	210730.29	0.132173997	1594340	572298	83406	938636	0	1524750	167617	20894	3938
all	201302	187216.0751	0.133178594	1405752	504407	77255	824090	0	1350458	169740	30149	7361
all	201303	172914.2306	0.125383484	1379083	486540	76914	815629	0	1322394	173788	34927	4818
all	201304	170348.0088	0.106603825	1597954	535589	68545	993820	0	1540840	140688	37722	6721
all	201305	178078.2441	0.110234861	1615444	544027	72701	998716	0	1558331	143394	37313	12904
all	201306	130751.3973	0.101502451	1288160	431496	60784	795880	0	1234339	132938	34444	11741
all	201307	112970.6105	0.086746461	1302308	427925	65333	809050	0	1225386	139587	47734	12300
all	201308	116403.7652	0.072871042	1597394	522836	81172	993386	0	1445368	147256	96129	14045
all	201309	95940.31015	0.062185999	1542796	494307	73342	975147	0	1375601	130432	109274	12350
all	201310	161746.2573	0.102902233	1571844	540259	79356	952229	0	1426655	90968	95234	13099
all	201311	179145.9834	0.115053336	1557069	548313	76121	932635	0	1439358	84036	75832	12343
all	201312	155695.5828	0.106595762	1460617	498577	65512	896528	0	1338954	93625	66119	10416
all	201401	178226.1892	0.116954453	1523894	536001	78708	909185	0	1365051	92191	84116	12054
all	201402	168093.7981	0.120549282	1394399	505856	75749	812794	0	1254903	82669	78594	13003
all	201403	191205.4234	0.109731775	1742480	607655	105034	1029791	0	1576006	87920	92247	13018
all	201404	218137.6448	0.11046857	1974658	697618	110115	1166925	0	1814245	91995	99732	12511
all	201405	224069.2525	0.108975838	2056137	729278	114259	1212600	0	1879723	91912	109979	13858
all	201406	214221.1818	0.08724844	2455301	833959	129953	1491389	0	2271155	136342	120408	13866
all	201407	301606.9743	0.098983433	3047045	1066768	168207	1812070	0	2827132	95060	132742	17707
all	201408	316486.8917	0.090445913	3499184	1182684	190987	2125513	0	3297231	92886	121386	16828
all	201409	386305.3383	0.10514322	3674087	1255751	224042	2194294	0	3462376	90630	111736	15897
all	201410	520321.9506	0.121177995	4293865	1538770	180636	2574459	0	4070698	85399	110609	18069
all old	201012	42.56374056	0.221686149	192	63	0	129	0	192	126	0	0
all old	201101	-4400.497469	-0.037940883	115983	13153	888	101942	0	113803	20094	1206	119
all old	201102	19667.24031	0.430468401	45688	18188	887	26613	0	43537	17694	1110	133
all old	201103	1693.17958	0.247794465	6833	2457	196	4180	0	6120	3454	253	115
all old	201104	6795.797079	0.218198654	31145	10509	675	19961	0	29738	13125	712	105
all old	201105	3882.581209	0.233665215	16616	5866	366	10384	0	15930	7818	310	50
all old	201106	3345.531398	0.181123458	18471	6278	402	11791	0	17112	8673	551	192
all old	201107	5864.513379	0.155404865	37737	11756	796	25185	0	35564	13956	827	193
all old	201108	5328.913171	0.131283121	40591	12473	1200	26918	0	38283	16116	1030	168
all old	201109	6543.781314	0.176734762	37026	12590	985	23451	0	34419	14484	884	540
all old	201110	3704.964251	0.150687935	24587	7878	725	15984	0	22687	10829	771	324
all old	201111	3784.952244	0.150190558	25201	8306	649	16246	0	23094	10687	781	291
all old	201112	-5655.281569	-0.070519129	80195	20458	1970	57767	0	77088	22676	1530	96
all old	201201	-83649.43479	-0.297629744	281052	46989	12290	221773	0	234452	44881	5329	414
all old	201202	11435.23614	0.051428066	222354	53245	12372	156737	0	123917	38506	8169	722
all old	201203	42599.06372	0.044287848	961868	109516	7256	845096	0	328471	51630	9351	623
all old	201204	60016.33826	0.166532566	360388	131370	18241	210777	0	145451	41794	9358	755
all old	201205	64287.02331	0.110717906	580638	321049	15297	244292	0	120066	37672	9602	662
all old	201206	52034.45895	0.252180689	206338	68531	4745	133062	0	98808	36776	7791	520
all old	201207	57212.46196	0.113442962	504328	347722	49405	107201	0	107816	40056	9318	714
all old	201208	27240.88295	0.145697324	186969	67289	6976	112704	0	89459	32387	11007	1431
all old	201209	56566.23665	0.071547133	790615	94601	4563	691451	0	111704	31275	11389	2291
all old	201210	55774.87048	0.090730532	614731	104857	4075	505799	0	117487	36771	13508	2180
all old	201211	48334.26964	0.113591117	425511	298769	4288	122454	0	108757	37824	12279	1173
all old	201212	44975.6764	0.358815082	125345	49623	6212	69510	0	97213	31429	4475	1018
all old	201301	70865.29142	0.500867876	141485	68472	3537	69476	0	132032	54771	3902	1422
all old	201302	60041.63334	0.422944565	141961	63877	10580	67504	0	124539	49886	4633	2290
all old	201303	61198.07207	0.458395357	133505	65483	6003	62019	0	122172	43314	4716	1141
all old	201304	59925.53275	0.444571218	134794	61120	4780	68894	0	125669	46882	4510	1369
all old	201305	63697.16112	0.488127035	130493	62697	4278	63518	0	122113	48534	4433	1391
all old	201306	47923.35006	0.406726388	117827	54506	4367	58954	0	108471	46925	4570	1532
all old	201307	44859.4683	0.36400974	123237	55994	4497	62746	0	109264	50108	6202	1803
all old	201308	37040.33579	0.300842545	123122	54558	4193	64371	0	101980	46990	9152	2844
all old	201309	39172.37331	0.302102119	129666	58099	4317	67250	0	105221	45086	11198	3771
all old	201310	37550.36254	0.348695886	107688	50849	3659	53180	0	85569	29257	9422	2284
all old	201311	40476.69612	0.357460622	113234	53254	3098	56882	0	97533	29969	7158	1705
all old	201312	45510.80822	0.385279945	118124	57258	3649	57217	0	102625	29675	6991	2064
all old	201401	46172.80255	0.353273164	130700	63954	4507	62239	0	103346	38089	10493	4157
all old	201402	38682.34522	0.335763844	115207	56738	3325	55144	0	88884	33960	9989	4288
all old	201403	58254.11039	0.400743717	145365	73177	4178	68010	0	117720	38740	11260	3402
all old	201404	60343.25696	0.41268812	146220	73544	4349	68327	0	118806	38442	11497	3397
all old	201405	62569.98095	0.436337891	143398	76046	4300	63052	0	115872	37423	10343	3640
all old	201406	79529.63766	0.431433767	184338	93474	4764	86100	0	157338	60190	11413	4652
all old	201407	90110.56728	0.476737652	189015	105350	4271	79394	0	154076	41039	12439	6562
all old	201408	135832.7879	0.531296229	255663	144348	4378	106937	0	225847	39193	12198	4407
all old	201409	143726.2371	0.561823451	255821	145548	5945	104328	0	222630	42691	12577	6303
all old	201410	115077.7487	0.586766139	196122	111980	2944	81198	0	170562	30939	8573	4585
hashtags	201012	-231.5622048	-0.048464254	4778	1154	130	3494	0	4753	1150	24	0
hashtags	201101	-12262.30625	-0.018478126	663612	167050	23864	472698	0	657143	26858	4955	593
hashtags	201102	-18930.49098	-0.022892634	826925	205677	29722	591526	0	817458	31783	6066	2022
hashtags	201103	-5632.716692	-0.040765978	138172	32954	6254	98964	0	134650	13816	1678	952
hashtags	201104	-39926.09999	-0.051649237	773024	182536	32855	557633	0	764399	32398	5322	1845
hashtags	201105	-16301.3424	-0.044969344	362499	86833	12441	263225	0	359713	21410	1899	431
hashtags	201106	-4336.62228	-0.013814243	313924	78614	10289	225021	0	308169	23877	3416	775
hashtags	201107	12798.62569	0.022634928	565437	155212	19284	390941	0	550531	36384	7539	1327
hashtags	201108	-10504.00526	-0.014604271	719242	184001	23871	511370	0	706432	42947	7404	1744
hashtags	201109	-40437.1721	-0.055354259	730516	169672	27136	533708	0	717413	43826	7369	3569
hashtags	201110	-25377.26344	-0.05271007	481450	112320	17832	351298	0	470439	36031	5179	3804
hashtags	201111	-25462.23282	-0.053429452	476558	110330	13894	352334	0	468639	33185	4515	1323
hashtags	201112	26599.98219	0.025214926	1054930	303403	46593	704934	0	1043443	48424	8379	462
hashtags	201201	85580.17971	0.056352058	1518670	465512	81522	971636	0	1371479	69553	22398	2560
hashtags	201202	78110.07628	0.054269867	1439290	421267	61560	956463	0	1310039	65587	26271	3038
hashtags	201203	100438.8026	0.057234196	1754874	497885	109409	1147580	0	1514413	76018	28218	5304
hashtags	201204	92910.38211	0.048684911	1908402	506562	252944	1148896	0	1435573	101929	28406	3355
hashtags	201205	90416.78755	0.020629185	4382955	645971	509225	3227759	0	1486030	95411	33234	4351
hashtags	201206	82817.54792	0.042691592	1939903	837249	69499	1033155	0	1171563	87059	23835	3050
hashtags	201207	107702.5417	0.046908997	2295989	1058771	97936	1139282	0	1367376	116280	29752	3520
hashtags	201208	150525.5281	0.040368541	3728783	1543046	116674	2069063	0	1758477	150116	49663	5498
hashtags	201209	121410.1547	0.022111222	5490884	951819	150310	4388755	0	1451493	130771	55375	4320
hashtags	201210	112272.2608	0.03121985	3596182	1959768	142784	1493630	0	1578845	159216	63700	4446
hashtags	201211	88650.34599	0.016438664	5392795	2079498	356052	2957245	0	1236275	141599	46075	6874
hashtags	201212	119551.4577	0.076246692	1567956	514473	117916	935567	0	1321514	92705	24426	3449
hashtags	201301	169933.491	0.111367095	1525886	521895	81948	922043	0	1493953	135264	18356	3641
hashtags	201302	176260.2603	0.115976492	1519793	528361	84237	907195	0	1459699	149962	31557	4136
hashtags	201303	177769.9506	0.112564064	1579278	547547	85649	946082	0	1519299	164609	37829	4410
hashtags	201304	132184.9703	0.087622289	1508577	492327	63648	952602	0	1456724	108081	34625	4066
hashtags	201305	137893.046	0.089497353	1540750	505461	69122	966167	0	1492973	102946	33567	11103
hashtags	201306	112996.6091	0.086104332	1312322	429314	61267	821741	0	1263542	104961	33656	11899
hashtags	201307	82254.62251	0.066666253	1233827	391742	63009	779076	0	1166579	103376	42934	12826
hashtags	201308	80901.35395	0.057117428	1416404	448182	74377	893845	0	1293663	102442	84126	10638
hashtags	201309	69006.76664	0.044100966	1564745	485440	76388	1002917	0	1407942	96209	108296	9660
hashtags	201310	123429.5673	0.085190817	1448860	480648	71573	896639	0	1326394	63027	89330	8246
hashtags	201311	131137.455	0.102309342	1281774	440731	62556	778487	0	1196821	55892	59165	7189
hashtags	201312	130093.0908	0.098053886	1326751	450192	59218	817341	0	1235998	74275	58474	7107
hashtags	201401	154770.3689	0.105296065	1469859	510442	78047	881370	0	1347622	65233	77357	11158
hashtags	201402	168288.114	0.107967869	1558687	549877	86011	922799	0	1420891	62383	82751	10166
hashtags	201403	200424.3973	0.098659058	2031485	698028	111204	1222253	0	1871950	67751	101750	11178
hashtags	201404	194538.6115	0.095697616	2032847	701187	113482	1218178	0	1888508	66001	96632	8946
hashtags	201405	212392.6577	0.093264874	2277306	785092	126848	1365366	0	2098019	66315	115798	10620
hashtags	201406	206613.9725	0.077150182	2678075	898033	141148	1638894	0	2491068	103009	128205	11976
hashtags	201407	243643.2142	0.092546157	2632667	908655	144173	1579839	0	2461427	63839	110397	10576
hashtags	201408	260052.1571	0.081570404	3188070	1061853	174707	1951510	0	3022764	62395	103858	9064
hashtags	201409	316544.9188	0.098189816	3223806	1089929	205026	1928851	0	3050804	61679	93864	10044
hashtags	201410	407899.3842	0.112969676	3610698	1270838	156048	2183812	0	3460545	55348	87770	11080
job opening	201012	-9.319272265	-0.175835326	53	9	0	44	0	53	31	0	0
job opening	201101	121.981501	0.014952378	8158	1992	186	5980	0	7862	3228	208	15
job opening	201102	-860.6962872	-0.07229097	11906	2565	298	9043	0	11251	4805	282	39
job opening	201103	-95.74978545	-0.053611302	1786	403	38	1345	0	1619	748	47	49
job opening	201104	-666.5847418	-0.06426152	10373	1995	207	8171	0	9925	3639	213	99
job opening	201105	-446.84981	-0.083414189	5357	1083	135	4139	0	5236	2260	70	6
job opening	201106	-915.1330848	-0.124915791	7326	1213	150	5963	0	6724	2595	127	43
job opening	201107	-2121.52998	-0.139831926	15172	2570	282	12320	0	14740	3744	199	11
job opening	201108	-2647.204147	-0.145522739	18191	3025	734	14432	0	17567	4811	238	234
job opening	201109	-1656.422613	-0.111641343	14837	2681	521	11635	0	14290	3963	205	215
job opening	201110	-1172.356704	-0.119069338	9846	1846	237	7763	0	9538	3320	183	34
job opening	201111	-1101.277865	-0.102425397	10752	2100	203	8449	0	10418	3286	158	20
job opening	201112	-290.5052199	-0.013283882	21869	5128	757	15984	0	21307	6196	316	28
job opening	201201	-42012.53403	-0.516314785	81370	8728	982	71660	0	77239	12896	1141	81
job opening	201202	635.179914	0.008772597	72405	12771	1127	58507	0	30830	10102	1893	138
job opening	201203	-1216.473694	-0.001709623	711545	11997	1684	697864	0	60498	19435	2320	77
job opening	201204	3232.230993	0.018954921	170522	43590	5468	121464	0	48408	10762	1712	174
job opening	201205	10895.16155	0.135560856	80371	27084	5498	47789	0	59568	11215	1570	176
job opening	201206	8677.756266	0.097533564	88972	17536	1381	70055	0	45570	12221	1820	225
job opening	201207	9441.720317	0.12411721	76071	23804	9337	42930	0	45912	11549	1595	132
job opening	201208	5168.495483	0.061368251	84221	26847	891	56483	0	40888	7998	2216	265
job opening	201209	11735.26827	0.015780443	743659	34120	1464	708075	0	54901	8391	2796	317
job opening	201210	8786.747944	0.014974442	586783	27038	959	558786	0	58647	10260	3796	919
job opening	201211	5586.052318	0.057479727	97183	19990	1642	75551	0	50147	10063	2726	277
job opening	201212	5826.503717	0.113883424	51162	12340	2901	35921	0	40902	8086	936	299
job opening	201301	7305.709511	0.140933476	51838	15429	779	35630	0	49879	10250	711	431
job opening	201302	9627.822951	0.186824678	51534	16309	1296	33929	0	49435	13905	970	290
job opening	201303	5394.068171	0.13155943	41001	11680	829	28492	0	39354	9417	843	317
job opening	201304	5800.084736	0.123571697	46937	13192	739	33006	0	45468	10183	822	237
job opening	201305	4291.82181	0.099608277	43087	11990	1171	29926	0	41416	11328	756	305
job opening	201306	1848.672699	0.045885296	40289	10270	1083	28936	0	38399	11378	848	266
job opening	201307	2383.01004	0.058585162	40676	10973	938	28765	0	38359	11072	1179	576
job opening	201308	1635.398112	0.040037166	40847	10547	681	29619	0	36968	10026	2030	543
job opening	201309	4612.209175	0.101677855	45361	13163	804	31394	0	41198	9801	2552	430
job opening	201310	5441.258502	0.118280514	46003	13369	1056	31578	0	42185	7829	1977	764
job opening	201311	3385.548529	0.076743705	44115	11926	989	31200	0	40832	10244	1463	467
job opening	201312	4055.27703	0.084251491	48133	13122	1316	33695	0	41230	10458	1436	1056
job opening	201401	2492.42359	0.052395964	47569	12657	1379	33533	0	42191	12515	1947	1562
job opening	201402	902.8163395	0.024755041	36470	9651	906	25913	0	32296	9803	1748	714
job opening	201403	6271.526112	0.122450087	51217	14809	1095	35313	0	46592	11137	1963	902
job opening	201404	9817.316849	0.177750119	55231	17234	985	37012	0	50866	10698	1940	751
job opening	201405	10473.88922	0.183093947	57205	17591	1271	38343	0	52286	10764	1914	646
job opening	201406	11214.46695	0.168821385	66428	21117	1248	44063	0	59819	15681	2293	2372
job opening	201407	16867.45899	0.229386248	73533	24769	1160	47604	0	66245	11356	2730	2643
job opening	201408	10551.27037	0.116578318	90508	23460	1125	65923	0	84311	12763	2605	1773
job opening	201409	37555.44017	0.325835207	115259	44060	1242	69957	0	109361	13497	2826	924
job opening	201410	22734.80353	0.407923556	55733	23509	811	31413	0	50708	8818	1618	1394
job opportunity	201012	45.32218607	1.054004327	43	34	1	8	0	43	32	0	0
job opportunity	201101	8353.563704	1.041981253	8017	5842	206	1969	0	7747	4354	180	18
job opportunity	201102	8466.563083	1.030371557	8217	5831	176	2210	0	7953	4375	181	5
job opportunity	201103	1295.751792	0.986112475	1314	905	28	381	0	1124	838	40	2
job opportunity	201104	6117.010395	1.051032714	5820	4285	164	1371	0	5682	3451	103	6
job opportunity	201105	3492.498629	1.049744103	3327	2414	81	832	0	3244	1988	51	1
job opportunity	201106	3509.479098	0.989700817	3546	2511	121	914	0	3341	2328	114	11
job opportunity	201107	7398.46792	1.074109745	6888	5071	226	1591	0	6552	4029	190	27
job opportunity	201108	7566.188348	1.002144152	7550	5325	267	1958	0	7203	4413	196	23
job opportunity	201109	7465.277517	1.06086081	7037	5257	219	1561	0	6726	4151	174	33
job opportunity	201110	4058.773049	0.979906579	4142	2893	137	1112	0	3867	2784	144	21
job opportunity	201111	3852.832812	0.920629107	4185	2879	179	1127	0	3811	2826	151	7
job opportunity	201112	11207.73098	1.052962324	10644	8296	380	1968	0	10136	6475	331	37
job opportunity	201201	18530.39145	0.961020198	19282	14681	611	3990	0	16229	10052	916	62
job opportunity	201202	15740.28547	0.676739562	23259	13979	2453	6827	0	14833	9170	1506	59
job opportunity	201203	33016.11262	0.763148941	43263	28785	1126	13352	0	23568	10346	1680	64
job opportunity	201204	44714.83963	0.75618683	59132	41120	5840	12172	0	28425	10497	1899	323
job opportunity	201205	46270.01886	0.176968545	261459	250224	3179	8056	0	30364	11784	2486	244
job opportunity	201206	42667.21096	0.971232409	43931	30565	1570	11796	0	29845	12333	1730	96
job opportunity	201207	37451.6354	0.12696933	294966	263210	25647	6109	0	26147	10726	2038	133
job opportunity	201208	19888.79206	0.653656031	30427	20284	1392	8751	0	17436	10107	2276	145
job opportunity	201209	45806.88814	0.888522484	51554	44980	1347	5227	0	29390	9837	2628	236
job opportunity	201210	46866.24836	0.576021341	81362	62277	1068	18017	0	31340	11853	2996	452
job opportunity	201211	34506.3632	0.947040378	36436	28447	1815	6174	0	25013	10991	2472	147
job opportunity	201212	39086.24726	1.268910407	30803	24889	1941	3973	0	26387	9899	1179	109
job opportunity	201301	60638.76556	1.364385869	44444	38689	971	4784	0	42479	23274	1070	249
job opportunity	201302	41831.44591	1.288628116	32462	26763	1422	4277	0	30302	14330	1101	256
job opportunity	201303	40735.24442	1.10949869	36715	27649	3863	5203	0	33333	15555	1628	254
job opportunity	201304	52422.92501	1.233741851	42491	33855	2791	5845	0	39717	16850	1636	193
job opportunity	201305	47444.68666	1.185139426	40033	32405	1936	5692	0	36824	17137	1454	854
job opportunity	201306	31086.68505	1.088736212	28553	22223	1854	4476	0	26312	14370	1277	265
job opportunity	201307	27028.37612	1.018555024	26536	20832	1462	4242	0	23699	14686	1432	272
job opportunity	201308	24185.29184	0.873872375	27676	21061	1800	4815	0	22703	13960	2175	396
job opportunity	201309	23476.74256	0.871963399	26924	20251	1821	4852	0	22301	13156	2096	674
job opportunity	201310	20351.14626	0.928216477	21925	17439	1163	3323	0	17787	9394	1746	416
job opportunity	201311	24997.31885	0.813185389	30740	22767	986	6987	0	27260	12047	1594	262
job opportunity	201312	27322.80392	0.886183313	30832	24340	952	5540	0	27813	11169	1400	312
job opportunity	201401	30521.3279	0.931323322	32772	27201	1266	4305	0	27351	14124	2265	602
job opportunity	201402	26554.87671	0.931423245	28510	23501	1359	3650	0	23184	12900	2327	537
job opportunity	201403	37078.54695	0.919606819	40320	30951	5004	4365	0	31138	15054	2533	663
job opportunity	201404	31671.68213	0.954973078	33165	27987	1579	3599	0	26857	13361	2389	1606
job opportunity	201405	34956.41729	1.007534725	34695	29502	1335	3858	0	29030	14097	2559	564
job opportunity	201406	42892.49363	1.017325877	42162	34782	1304	6076	0	36825	18739	2612	741
job opportunity	201407	44340.04459	1.075144749	41241	35922	1058	4261	0	35445	15773	2698	745
job opportunity	201408	63274.01148	1.105551194	57233	51631	1008	4594	0	51258	14823	2666	1044
job opportunity	201409	70115.40376	1.15234204	60846	55483	1184	4179	0	55139	15675	2651	637
job opportunity	201410	45390.65225	1.122558483	40435	35781	1074	3580	0	35429	11754	1856	573
job posting	201012	-22.20858654	-0.364075189	61	4	0	57	0	61	39	0	0
job posting	201101	-1304.116115	-0.158324161	8237	1342	190	6705	0	8008	2472	144	23
job posting	201102	-1458.314629	-0.172950027	8432	1249	187	6996	0	8236	2339	116	16
job posting	201103	-242.5933513	-0.179167911	1354	162	32	1160	0	1324	559	17	0
job posting	201104	-1135.646636	-0.162327993	6996	880	103	6013	0	6928	1820	50	2
job posting	201105	-592.9304648	-0.189132525	3135	404	55	2676	0	3108	1020	18	0
job posting	201106	-477.542114	-0.166972767	2860	484	61	2315	0	2795	1138	39	6
job posting	201107	-975.7581841	-0.173591565	5621	860	116	4645	0	5521	1760	63	6
job posting	201108	-1114.541403	-0.207510967	5371	761	99	4511	0	5272	1658	62	7
job posting	201109	-1328.605303	-0.240167264	5532	697	137	4698	0	5378	1562	77	60
job posting	201110	-1034.171326	-0.222115835	4656	623	117	3916	0	4557	1493	69	12
job posting	201111	-695.23523	-0.155777555	4463	699	85	3679	0	4272	1359	60	96
job posting	201112	-1226.743252	-0.131469644	9331	1667	241	7423	0	9088	2440	113	10
job posting	201201	-1699.286976	-0.132860592	12790	2228	353	10209	0	11910	3260	313	15
job posting	201202	-1127.573161	-0.078565577	14352	3485	348	10519	0	10963	3295	603	16
job posting	201203	-1182.775647	-0.101239035	11683	2339	379	8965	0	10429	3310	456	39
job posting	201204	-1251.342483	-0.099526166	12573	2395	1018	9160	0	10081	3215	506	17
job posting	201205	-359.3218007	-0.025338255	14181	6656	276	7249	0	8583	2796	467	74
job posting	201206	-660.0970354	-0.043268028	15256	2217	443	12596	0	9249	3615	443	85
job posting	201207	-1279.540704	-0.052799402	24234	2618	719	20897	0	11346	4746	675	176
job posting	201208	-1590.34543	-0.072774696	21853	3108	2622	16123	0	12554	3255	810	87
job posting	201209	-707.7083095	-0.01763056	40141	4128	502	35511	0	15976	3562	1015	110
job posting	201210	-604.6023588	-0.017558296	34434	4462	511	29461	0	16565	3771	1149	254
job posting	201211	-427.7809006	-0.023756367	18007	4134	399	13474	0	13614	3509	795	109
job posting	201212	-345.5781675	-0.023918755	14448	3528	559	10361	0	13520	3053	352	85
job posting	201301	2.162409827	0.000124692	17342	4370	708	12264	0	16466	4807	351	286
job posting	201302	-76.21957825	-0.004062444	18762	4511	590	13661	0	17922	6005	473	195
job posting	201303	134.0491125	0.007472913	17938	4511	667	12760	0	17107	4992	541	88
job posting	201304	928.8203581	0.048893002	18997	5414	877	12706	0	18147	5114	534	138
job posting	201305	938.32117	0.046592242	20139	5704	649	13786	0	19318	5663	555	119
job posting	201306	675.233854	0.038777572	17413	5236	949	11228	0	16246	5046	555	258
job posting	201307	566.1588066	0.029501267	19191	5267	590	13334	0	17701	5401	967	275
job posting	201308	974.2336414	0.057223709	17025	4889	525	11611	0	15050	4473	1257	89
job posting	201309	419.4174489	0.021116577	19862	5789	627	13446	0	16136	4552	2528	109
job posting	201310	1339.971819	0.080055671	16738	5573	787	10378	0	13357	3453	2413	107
job posting	201311	1643.030405	0.097851849	16791	5288	633	10870	0	14587	2689	1418	263
job posting	201312	1089.110618	0.089964531	12106	3853	481	7772	0	10452	2416	1133	103
job posting	201401	1176.90117	0.071073203	16559	5086	557	10916	0	13840	3411	1879	148
job posting	201402	1271.450738	0.069014316	18423	5153	526	12744	0	14725	3165	1681	172
job posting	201403	1953.154903	0.084735571	23050	6559	648	15843	0	19789	3302	1877	249
job posting	201404	575.8110736	0.035818056	16076	4571	747	10758	0	13209	3313	1711	329
job posting	201405	738.2759821	0.048663633	15171	4163	708	10300	0	12794	3511	1115	342
job posting	201406	452.3051779	0.031493189	14362	3883	778	9701	0	12430	4949	973	226
job posting	201407	573.7796681	0.036523212	15710	4383	737	10590	0	13219	3526	1138	222
job posting	201408	336.3392557	0.022711814	14809	3836	525	10448	0	12719	3258	1138	172
job posting	201409	180.3693852	0.009860022	18293	4727	966	12600	0	15234	3757	1245	485
job posting	201410	-132.6458329	-0.011357636	11679	2581	645	8453	0	9615	2451	785	398
we are hiring	201012	7.786300434	0.707845494	11	8	0	3	0	11	10	0	0
we are hiring	201101	-7855.954074	-0.124652176	63023	2433	124	60466	0	61960	7825	449	48
we are hiring	201102	9358.043989	1.054546314	8874	5258	99	3517	0	8163	4308	342	28
we are hiring	201103	135.0056812	0.107317712	1258	352	28	878	0	1044	760	90	19
we are hiring	201104	1204.276627	0.280848094	4288	1735	77	2476	0	3726	2899	240	2
we are hiring	201105	624.3339948	0.273351136	2284	876	42	1366	0	1993	1644	91	5
we are hiring	201106	740.8589358	0.228660165	3240	1323	69	1848	0	2405	2054	239	75
we are hiring	201107	1158.73025	0.246067159	4709	1807	80	2822	0	3931	3275	296	134
we are hiring	201108	1235.406404	0.240960875	5127	1914	169	3044	0	4317	3785	342	112
we are hiring	201109	1437.784259	0.27777903	5176	2207	141	2828	0	4420	3600	321	132
we are hiring	201110	961.5757131	0.23789602	4042	1708	133	2201	0	3045	2646	296	165
we are hiring	201111	1120.353512	0.294287763	3807	1598	84	2125	0	2964	2619	310	36
we are hiring	201112	-13642.61271	-0.446216155	30574	3792	317	26465	0	29329	6869	652	12
we are hiring	201201	-61553.5136	-0.356099121	172855	21425	10049	141381	0	132155	20412	2851	1067
we are hiring	201202	-6236.664529	-0.064869303	96142	18632	8807	68703	0	59120	14912	3717	829
we are hiring	201203	2822.094623	0.014121347	199846	45005	3066	151775	0	170852	22592	3242	141
we are hiring	201204	7260.666329	0.131293581	55301	16781	915	37605	0	30563	11322	2858	326
we are hiring	201205	3565.391155	0.020857193	170943	13529	4290	153124	0	11051	8988	3714	272
we are hiring	201206	2950.523489	0.092005472	32069	14895	824	16350	0	8484	6652	2448	70
we are hiring	201207	3338.879197	0.119343718	27977	14605	386	12986	0	8839	6949	2522	193
we are hiring	201208	4054.01038	0.112774296	35948	14084	921	20943	0	11607	8906	3975	408
we are hiring	201209	3376.301167	0.038362263	88011	16775	943	70293	0	10708	7750	3504	315
we are hiring	201210	3564.146042	0.084751654	42054	10572	1124	30358	0	11677	8423	3712	298
we are hiring	201211	4280.080459	0.029259505	146280	129273	321	16686	0	10867	8327	3446	283
we are hiring	201212	3450.688445	0.207973026	16592	6549	473	9570	0	9635	7471	1271	260
we are hiring	201301	5306.565852	0.301921134	17576	7851	555	9170	0	14704	12003	1162	394
we are hiring	201302	7139.34885	0.387397517	18429	9889	487	8053	0	15407	10729	1162	607
we are hiring	201303	13122.16656	0.507882748	25837	16024	698	9115	0	22719	11169	1340	530
we are hiring	201304	6736.854168	0.285896035	23564	10094	595	12875	0	20012	14045	1424	815
we are hiring	201305	6942.480287	0.263942527	26303	10957	636	14710	0	22877	14582	1386	444
we are hiring	201306	7592.875025	0.304177351	24962	11334	556	13072	0	21367	14360	1447	714
we are hiring	201307	8791.019945	0.307013339	28634	13641	574	14419	0	23125	16626	1947	696
we are hiring	201308	8098.680458	0.269399257	30062	14672	736	14654	0	22159	16134	2967	749
we are hiring	201309	7315.981717	0.275036907	26600	12730	508	13362	0	19190	13434	2834	1202
we are hiring	201310	6924.204141	0.310363252	22310	11681	569	10060	0	14447	8387	2898	1023
we are hiring	201311	6918.173095	0.317245522	21807	11479	363	9965	0	13727	7889	2701	1305
we are hiring	201312	6327.806372	0.343063506	18445	10115	381	7949	0	11948	6398	2280	1182
we are hiring	201401	8627.202541	0.293282654	29416	15928	697	12791	0	16647	10058	4157	1728
we are hiring	201402	7516.206727	0.265872187	28270	15182	586	12502	0	16009	9713	3839	1290
we are hiring	201403	9352.036701	0.296250529	31568	17153	629	13786	0	17963	11503	4596	1831
we are hiring	201404	8465.542933	0.299463827	28269	15397	503	12369	0	16240	10258	4082	1459
we are hiring	201405	9624.552204	0.316722134	30388	16811	494	13083	0	18243	10190	4095	1916
we are hiring	201406	12870.8863	0.306639498	41974	21011	794	20169	0	30507	18940	3984	1688
we are hiring	201407	24118.71795	0.395680715	60955	33810	1126	26019	0	40941	13787	5895	2246
we are hiring	201408	42377.63651	0.542426804	78126	48685	1092	28349	0	64487	10987	4825	1644
we are hiring	201409	19663.82163	0.456290095	43095	25944	767	16384	0	31633	10833	4209	1748
we are hiring	201410	6148.820393	0.282652404	21754	12225	633	8896	0	11239	7624	2805	1786
