#Field:candidate	MonthId	NumTweets_Month1	NumDistinctTweets_Month1	NumDistinctUsers_Month1	NumPopularTweets_Month1	NumVerifiedTweets_Month1	NumTweets_Month2	NumDistinctTweets_Month2	NumDistinctUsers_Month2	NumPopularTweets_Month2	NumVerifiedTweets_Month2	NumTweets_Week1	NumDistinctTweets_Week1	NumDistinctUsers_Week1	NumPopularTweets_Week1	NumVerifiedTweets_Week1	NumTweets_Week2	NumDistinctTweets_Week2	NumDistinctUsers_Week2	NumPopularTweets_Week2	NumVerifiedTweets_Week2
all	201101	1470451	1434662	509094	11624	2106	0	0	0	0	0	547025	535193	168625	4329	1010	473170	461277	173961	3961	568
all old	201101	279258	262546	71844	2835	717	0	0	0	0	0	153517	148274	26830	1182	210	75671	70010	24306	948	246
hashtags	201101	1206173	1192339	449990	9341	1429	0	0	0	0	0	399063	393860	146222	3352	812	402319	397703	153807	3181	334
job opening	201101	31343	25701	18433	682	186	0	0	0	0	0	9913	8343	5924	227	51	10444	8350	6311	225	66
job opportunity	201101	24339	20232	15075	457	81	0	0	0	0	0	7763	6555	5030	183	18	7788	6668	4981	150	45
job posting	201101	26167	23865	16144	351	97	0	0	0	0	0	8439	7561	5013	126	85	8950	8184	5628	130	6
we are hiring	201101	198075	193905	23513	1359	353	0	0	0	0	0	127775	126312	11356	652	56	48712	47189	7800	445	129
all	201102	2032662	1967626	729353	16581	8403	1298559	1266154	466487	10594	1677	503600	485112	199402	4472	1905	589506	569101	214413	4974	3057
all old	201102	275562	245063	96870	3803	1510	209293	194189	64344	2568	672	42696	33603	24838	1014	309	56559	47086	29369	1135	412
hashtags	201102	1779676	1753565	652648	13667	7153	1102919	1090449	413783	8544	1033	467101	459703	180077	3699	1632	540020	531600	191243	4131	2701
job opening	201102	48932	37671	28023	1050	345	28577	23516	16839	635	168	14901	11099	8343	269	66	16314	12567	9274	363	108
job opportunity	201102	36850	29654	22271	669	302	22252	18548	13812	415	81	10059	8016	5990	190	27	12241	9631	7099	186	198
job posting	201102	39137	34851	22708	495	109	23929	21841	14815	334	93	10399	9283	5988	119	60	10975	10138	6555	162	18
we are hiring	201102	151672	144605	25870	1607	754	135139	131341	20089	1197	330	7633	5679	5071	442	156	17316	15283	7066	431	88
all	201103	437025	417542	186096	4283	4155	2042282	1975837	743222	16946	8983	4495	3673	2978	188	355	16172	14569	10899	380	621
all old	201103	33929	27287	19995	850	249	255249	224397	97280	3837	1522	425	219	216	43	21	1334	925	870	72	99
hashtags	201103	408184	398218	171078	3634	3954	1810091	1782972	666619	14021	7733	4118	3514	2823	151	334	15041	13918	10278	326	522
job opening	201103	10806	8363	6300	251	84	49714	38294	28501	1074	345	75	52	50	4	0	375	264	254	21	9
job opportunity	201103	7977	6424	4980	174	52	37553	30232	22733	693	314	146	63	63	13	0	333	226	213	12	33
job posting	201103	9410	8658	5237	90	81	39553	35282	22976	503	109	88	61	60	6	21	368	281	255	9	57
we are hiring	201103	5926	4176	3884	339	32	129449	122307	25079	1585	754	119	46	46	21	0	266	169	164	30	0
all	201104	1414796	1357316	566105	12748	10060	437025	417542	186096	4283	4155	396180	384508	161697	2233	742	400307	382451	164853	3824	3494
all old	201104	105540	86319	61484	2449	1745	33929	27287	19995	850	249	27803	23781	17081	420	98	31307	24628	18264	793	735
hashtags	201104	1324125	1297839	519643	10938	8507	408184	398218	171078	3634	3954	372240	368228	149044	1942	652	373489	365388	150826	3240	2859
job opening	201104	34893	27927	18681	721	787	10806	8363	6300	251	84	9375	8109	5367	132	43	11532	8562	5955	239	497
job opportunity	201104	24844	20278	16110	481	271	7977	6424	4980	174	52	6939	5698	4494	86	15	6090	5065	4272	147	65
job posting	201104	31123	28256	16036	272	159	9410	8658	5237	90	81	8329	7749	4373	35	6	9039	8079	4794	87	48
we are hiring	201104	18921	14467	12291	989	528	5926	4176	3884	339	32	4434	3595	3284	171	34	5819	4182	3690	323	125
all	201105	981683	945453	426834	5347	2769	1436993	1378740	575771	12858	10072	146773	137760	77067	1503	577	249598	240471	112463	1457	834
all old	201105	74381	61958	45292	1077	560	107170	87682	62442	2460	1745	10684	8496	6959	295	79	19536	16011	12115	298	182
hashtags	201105	916752	903331	392678	4525	2291	1344901	1318385	528626	11046	8519	137227	131479	71681	1256	502	232200	229226	103090	1214	694
job opening	201105	26862	22561	15353	283	137	35480	28422	19000	727	787	3088	2423	2055	59	6	7004	5675	4198	75	68
job opportunity	201105	17686	14202	10744	198	100	25256	20609	16375	483	271	3100	2438	1805	56	18	4462	3634	2687	43	23
job posting	201105	21882	19923	11763	126	24	31693	28783	16302	272	159	2522	2265	1800	43	6	5511	4819	3113	40	0
we are hiring	201105	11833	9332	8785	474	299	19128	14631	12443	992	528	2075	1449	1393	138	49	3132	2525	2401	140	91
all	201106	686707	621506	326901	7933	4682	981683	945453	426834	5347	2769	194158	179320	93858	2393	1215	191833	169704	90584	2102	1481
all old	201106	50568	40023	32381	1463	1218	74381	61958	45292	1077	560	17689	14483	11269	473	239	12391	9620	8027	383	587
hashtags	201106	644896	592912	302920	6766	3568	916752	903331	392678	4525	2291	181195	170205	86376	2019	1032	181004	162242	84282	1793	922
job opening	201106	17475	13871	10828	288	284	26862	22561	15353	283	137	7195	6114	4437	86	74	3704	2967	2392	72	29
job opportunity	201106	11314	9048	7310	301	121	17686	14202	10744	198	100	3457	2720	2283	99	32	2815	2271	1830	71	76
job posting	201106	11397	10250	7884	153	73	21882	19923	11763	126	24	4052	3589	2616	58	13	2637	2398	1944	38	18
we are hiring	201106	10519	7180	6804	728	740	11833	9332	8785	474	299	3030	2153	2071	233	120	3282	2061	1968	205	464
all	201107	1277780	1173920	589720	17484	6054	697071	630369	329509	8078	4878	450432	414667	197324	6015	1555	353504	323238	161400	5034	1402
all old	201107	115403	94177	69215	2487	1431	51764	40998	33016	1468	1264	41523	34399	24223	816	340	34003	26948	19274	671	454
hashtags	201107	1193296	1117129	543715	15561	4826	654840	601486	305331	6905	3722	419863	394474	181321	5383	1247	328137	306624	148223	4514	976
job opening	201107	49580	40544	27298	571	140	18458	14675	11314	292	284	18039	14836	9428	200	36	13692	10797	7101	150	20
job opportunity	201107	23976	19279	14698	593	367	11334	9055	7344	301	122	8069	6578	5147	191	100	7710	6248	4074	167	62
job posting	201107	24238	21960	15649	296	162	11552	10401	7997	156	73	9455	8676	5683	104	51	7017	6121	4527	84	87
we are hiring	201107	17870	12972	12291	1038	766	10561	7189	6807	726	785	6058	4526	4228	324	153	5645	3929	3754	273	285
all	201108	1665222	1564440	729750	19160	8811	1308972	1203557	603538	17962	5986	440887	412366	193036	4795	2709	545987	521094	221895	5251	3034
all old	201108	151186	126006	88044	3220	2436	119224	97518	71408	2569	1415	39924	33812	22523	865	396	47006	39373	27733	953	1161
hashtags	201108	1559349	1492960	672295	16643	6543	1221598	1144835	556073	15970	4770	415276	395046	178576	4134	2373	511749	497433	203543	4497	1945
job opening	201108	67300	56516	35087	737	1150	51025	41845	28054	592	146	16649	15179	8561	186	131	21033	17412	11249	221	790
job opportunity	201108	33614	26902	19542	757	190	24876	20050	15251	616	360	10690	8063	5156	215	75	10202	8445	6154	227	57
job posting	201108	28598	26365	18475	347	282	25110	22749	16088	301	174	6996	6327	4762	90	84	9242	8568	5738	109	50
we are hiring	201108	22209	17113	16214	1410	898	18484	13493	12782	1071	739	5706	4457	4286	380	110	6660	5188	4914	405	280
all	201109	1686310	1574821	730487	19039	18966	1665222	1564440	729750	19160	8811	410724	386588	181741	4667	3340	434142	405661	190956	4804	4550
all old	201109	142245	117952	81632	3155	3330	151186	126006	88044	3220	2436	33802	27811	20267	823	1218	35174	29001	21071	784	1232
hashtags	201109	1589584	1509310	677253	16639	16011	1559349	1492960	672295	16643	6543	386540	369962	168189	4012	2202	409391	388835	177352	4224	3477
job opening	201109	58644	50808	30791	726	1324	67300	56516	35087	737	1150	13906	11743	7421	197	657	13741	11873	7869	148	208
job opportunity	201109	35779	27823	19533	699	361	33614	26902	19542	757	190	6864	5627	4420	155	91	8545	6767	5059	188	174
job posting	201109	26252	24156	17481	345	405	28598	26365	18475	347	282	6634	5984	4410	102	225	7128	6478	4698	108	203
we are hiring	201109	21939	16015	14791	1405	1240	22209	17113	16214	1410	898	6521	4660	4249	376	245	5825	4079	3702	343	647
all	201110	1282642	1201189	606112	15023	20035	1675304	1565619	722923	18557	18592	324862	303590	154636	4030	6154	344130	321313	160161	4181	5506
all old	201110	100651	82231	62617	2622	4139	138517	115038	79617	3039	3292	28838	22476	16979	783	2142	27004	21790	16973	773	798
hashtags	201110	1211659	1152170	564796	12995	16183	1580675	1501300	670865	16244	15679	304662	290448	143405	3433	4116	324414	307848	148726	3592	4823
job opening	201110	41456	36059	24163	589	460	57193	49489	29796	682	1310	11618	10095	6380	167	92	11770	9698	7016	215	189
job opportunity	201110	20964	16795	14059	591	265	34228	26837	19098	671	355	5403	4307	3762	192	109	5554	4439	3652	158	51
job posting	201110	19708	17517	13380	277	350	25993	23913	17267	341	405	5997	4923	3838	82	264	4704	4392	3298	73	35
we are hiring	201110	18832	12591	11783	1178	3064	21455	15638	14398	1363	1222	5900	3323	3181	346	1677	5049	3482	3219	328	523
all	201111	1147058	1084473	544555	12368	10425	1282642	1201189	606112	15023	20035	363049	345490	165909	3813	815	290597	275626	138834	2688	890
all old	201111	88502	73548	54914	2426	2102	100651	82231	62617	2622	4139	29744	25333	17603	778	422	21306	17882	13678	545	133
hashtags	201111	1084842	1040024	507970	10487	8495	1211659	1152170	564796	12995	16183	342518	330219	154089	3198	421	275021	264321	129499	2245	773
job opening	201111	39249	33760	22016	528	696	41456	36059	24163	589	460	13377	12059	6961	154	48	9294	7975	5560	124	66
job opportunity	201111	18141	14600	12407	579	391	20964	16795	14059	591	265	6103	4818	4052	190	295	4674	3847	3235	122	24
job posting	201111	16754	15187	11227	236	435	19708	17517	13380	277	350	5395	4994	3500	63	18	4162	3890	2819	43	12
we are hiring	201111	14724	10778	9965	1096	580	18832	12591	11783	1178	3064	5013	3723	3344	375	61	3257	2419	2238	257	31
all	201112	2173422	2076670	915443	21229	2744	1098400	1037831	526184	11687	9541	545422	522282	235245	5389	574	732370	700317	299019	6693	972
all old	201112	167692	142383	97920	4122	842	82592	68469	51730	2306	1834	39105	33274	22749	997	186	55318	47084	32040	1282	335
hashtags	201112	2050676	1985364	848003	17963	2082	1039448	995831	491531	9889	7875	516582	500460	219439	4579	436	692271	670421	276681	5692	693
job opening	201112	71537	60849	37093	931	307	36338	31090	20754	506	693	15722	13198	8380	209	65	23549	19894	11902	324	146
job opportunity	201112	37618	30759	24202	1088	286	17233	13816	11732	550	392	9049	7327	5815	247	60	12435	10248	7999	345	101
job posting	201112	32125	29996	20086	407	86	15796	14344	10698	231	399	7641	7237	4888	86	15	11092	10370	6920	122	24
we are hiring	201112	27022	21818	17821	1713	163	13571	9958	9198	1032	350	6854	5769	3969	458	46	8473	6948	5668	495	64
all	201201	3822732	3474905	1250991	44626	12389	2178496	2082235	917216	21113	2748	1347896	1079839	380753	24581	9450	877644	838768	353182	8912	1572
all old	201201	813243	697736	182590	11579	4362	167331	141987	97711	4080	845	399327	311385	60625	6911	3133	90490	79374	47395	1795	619
hashtags	201201	3076411	2852101	1111775	34577	8486	2055934	1991005	849849	17876	2087	970689	791912	334189	18441	6501	806943	781737	319109	7460	1057
job opening	201201	209715	188475	58548	2093	749	71272	60539	37061	926	309	140258	130881	22509	1372	424	29188	24571	15572	333	134
job opportunity	201201	62985	48703	37948	2374	877	37728	30805	24207	1078	287	20955	14526	11481	1307	235	17554	14464	11516	495	362
job posting	201201	47002	42783	27337	878	199	32193	30071	20110	407	86	15574	13214	8316	516	123	13139	12382	7811	154	27
we are hiring	201201	498678	423920	61320	6282	2537	26755	21620	17625	1686	163	227014	157522	19391	3751	2351	30959	28719	13242	821	96
all	201202	4196079	3311703	1381793	94538	26829	3611463	3391623	1216433	38145	8142	1023935	798650	360823	22766	6561	939147	817352	340304	20535	3648
all old	201202	837499	483068	193575	29766	8812	795043	689539	176646	10384	3697	238113	78202	49748	8352	3259	163169	105944	47704	7102	1424
hashtags	201202	3450936	2921422	1242192	68251	18921	2880542	2773700	1081160	29178	4884	814297	743557	324968	15444	3512	796313	733144	306264	14261	2508
job opening	201202	283319	135793	68309	6842	2165	203843	185186	56336	1823	446	127388	27468	17711	2112	666	37646	26223	16488	1460	355
job opportunity	201202	101017	62367	43793	6258	1510	60231	46661	36417	2150	833	25460	15245	11290	1629	860	26677	14428	10728	1596	207
job posting	201202	58714	48845	30913	2356	287	45589	41639	26619	799	187	13683	12060	7760	531	75	16267	12681	8135	747	104
we are hiring	201202	401910	244688	55410	14510	4869	490487	422143	59763	5659	2231	71946	24378	14593	4119	1662	84354	54778	13278	3352	758
all	201203	4363894	3584510	1440636	80073	29996	4224001	3308555	1384757	94989	27612	1292840	1025941	350131	18941	6747	1265241	1106794	383389	19784	6778
all old	201203	1072110	795956	195397	27103	10380	829084	472222	192981	29988	9036	450556	376072	56062	6762	2271	436380	383983	56117	6867	2405
hashtags	201203	3368641	2890080	1297633	56063	20131	3486523	2928487	1245725	68488	19476	858979	678334	306085	12913	4591	846397	750335	339820	13615	4469
job opening	201203	192962	143784	72056	5391	2217	272721	124850	67522	6878	2195	88040	68804	25466	1541	475	52037	41628	19082	1366	803
job opportunity	201203	147027	78854	46120	6460	2486	105304	62827	44029	6378	1493	57121	24466	11566	1521	1108	31586	23231	11499	1548	526
job posting	201203	62977	43263	29503	2511	388	58061	48502	30839	2372	296	12002	9540	6848	525	39	12129	10277	7189	478	132
we are hiring	201203	671704	533530	63235	12858	5309	400410	244624	55408	14548	5071	293752	273863	23673	3198	653	340884	309290	23535	3500	944
all	201204	6290297	3081745	1356135	83026	20971	4363894	3584510	1440636	80073	29996	1146531	812209	372058	24321	5738	1266653	776890	358791	22388	7100
all old	201204	2729130	487158	177339	29165	8831	1072110	795956	195397	27103	10380	203066	94187	48588	8208	2277	241117	94323	46348	7635	3203
hashtags	201204	3650994	2731510	1230782	56977	12941	3368641	2890080	1297633	56063	20131	974157	764372	339452	17074	3818	1053292	724620	326912	15640	4266
job opening	201204	2106524	138269	65935	7862	2699	192962	143784	72056	5391	2217	95121	32444	16259	1549	533	86457	29449	15474	1778	929
job opportunity	201204	243754	95020	44072	6908	2403	147027	78854	46120	6460	2486	42558	30258	13649	2188	620	68103	27095	11553	1692	360
job posting	201204	56526	41324	28996	2344	995	62977	43263	29503	2511	388	17906	12169	8406	761	631	19053	12126	8580	730	695
we are hiring	201204	331113	214853	48640	12289	3352	671704	533530	63235	12858	5309	47858	19977	10939	3741	518	68093	26314	11362	3470	1233
all	201205	10292099	3325736	1449767	97827	31330	6296628	3098948	1374438	85324	20825	5148388	752352	343860	27009	6676	2938748	835677	339191	26346	7463
all old	201205	1518860	456100	192367	32023	13976	2684233	462260	179234	29926	8235	704296	118135	50504	8537	2154	630903	89226	47002	8193	2486
hashtags	201205	8889522	3059420	1326595	69472	18136	3705366	2776999	1248876	58587	13391	4476083	684161	312463	19485	4766	2335994	795503	309907	19102	5203
job opening	201205	384567	251597	78461	6320	5665	2100095	130864	65051	7923	2688	85639	70867	22020	1405	413	50317	41153	18502	1319	492
job opportunity	201205	932601	116940	51974	9730	3812	220819	96865	45604	7043	1603	563278	27594	12717	2921	517	538500	28956	13294	2959	969
job posting	201205	109693	41107	28706	2706	718	57322	41968	29469	2407	998	12345	10123	7265	603	104	11787	9670	6893	603	171
we are hiring	201205	153182	51566	37759	13797	3817	314847	194953	47403	12799	3564	43406	11934	10064	3643	1120	30628	10908	9483	3352	890
all	201206	7691567	2807874	1348660	79833	21005	10292099	3325736	1449767	97827	31330	838616	680159	329958	19088	5732	897970	729202	355960	18056	3821
all old	201206	1085791	308939	174958	27044	6509	1518860	456100	192367	32023	13976	148805	76552	42894	6187	2831	150911	77889	44145	6412	955
hashtags	201206	6709336	2663171	1241371	55715	15429	8889522	3059420	1326595	69472	18136	710226	645164	303759	13558	3149	782023	693029	328926	12491	3015
job opening	201206	298282	137706	75224	6831	3163	384567	251597	78461	6320	5665	61519	35647	19568	1888	2163	49809	33869	18688	1531	387
job opportunity	201206	163033	100866	44295	6518	1141	932601	116940	51974	9730	3812	34047	24551	10437	1404	228	52168	26746	11962	1679	249
job posting	201206	45655	36781	25624	1959	383	109693	41107	28706	2706	718	10357	8637	5945	373	65	12351	9413	6559	540	117
we are hiring	201206	580625	41630	35640	11861	1857	153182	51566	37759	13797	3817	43335	9966	8555	2546	394	37248	9656	8392	2697	202
all	201207	7321065	2813523	1390320	84932	18958	4446968	2732474	1315974	74897	19825	3118932	762993	377669	23901	4661	1112884	742106	366147	22536	5929
all old	201207	2729718	317359	187085	28487	6845	1051310	299740	169446	25695	6045	2166856	77561	46348	9639	1683	250447	83127	49308	7995	2578
hashtags	201207	5676905	2646688	1268292	60425	12991	3492567	2592335	1212250	51946	14654	1977980	723127	348114	16160	3185	886144	700268	335026	15372	3739
job opening	201207	262966	146052	79921	5371	2055	288253	133429	73171	6547	3090	66036	32911	17292	1455	336	103412	38549	20751	2063	1263
job opportunity	201207	2225295	97960	50954	8779	1377	154896	98598	43015	6262	1050	2047947	24909	13232	4118	162	57901	23731	12024	1894	582
job posting	201207	113133	41438	31184	2897	1495	44404	35767	24868	1871	377	23429	10399	7814	960	642	55196	11743	8694	946	148
we are hiring	201207	131919	39428	34362	11560	1938	565528	39682	34056	11133	1563	29931	10556	9279	3137	543	34614	10999	9598	3131	585
all	201208	6079284	3682281	1732571	118796	31049	7445849	2895112	1427650	87587	19654	2460607	944867	443276	35753	10492	1321043	947020	440994	33128	5551
all old	201208	605546	307232	185629	31090	11773	2741824	325558	193329	29227	7086	129442	66966	42255	8127	3594	124653	67639	41430	7677	1787
hashtags	201208	5583650	3498176	1611469	92713	20728	5792685	2722247	1300929	62440	13478	2359795	905105	416807	29066	7436	1223571	906841	414684	26881	4133
job opening	201208	278699	150181	75822	6979	3692	268115	150280	82686	5483	2085	53159	30309	15069	1514	843	49447	32418	15076	1422	232
job opportunity	201208	118231	67900	45852	7177	1427	2228469	99502	52634	8983	1519	22611	13436	10498	1823	406	22740	12846	10048	1855	295
job posting	201208	80362	48553	31628	3057	1115	114233	42380	31771	2956	1516	14866	12275	7370	735	231	23958	11832	7465	764	240
we are hiring	201208	131495	44698	39023	14048	5657	134660	41112	35716	11930	1986	39789	11580	10314	4141	2198	29073	11078	9692	3683	1054
all	201209	15768567	3483693	1644103	154825	35079	6079284	3682281	1732571	118796	31049	1770398	976735	471006	40026	8107	7111271	841384	394588	42065	7960
all old	201209	2972576	339883	185970	36075	15381	605546	307232	185629	31090	11773	169257	101288	51626	8837	2562	271480	90286	48395	9417	3402
hashtags	201209	14978049	3309870	1533314	125638	23593	5583650	3498176	1611469	92713	20728	1628843	926058	440635	32483	5903	6864216	795809	365585	33982	4808
job opening	201209	2355760	158495	78929	9045	5127	278699	150181	75822	6979	3692	66078	49409	22667	1790	287	86014	41346	20614	2123	1140
job opportunity	201209	168819	90172	44915	8863	2597	118231	67900	45852	7177	1427	42597	26339	11998	2325	784	62393	25410	11725	2477	836
job posting	201209	134073	56227	30703	3633	1226	80362	48553	31628	3057	1115	19602	16798	8529	915	291	82399	14934	8298	1225	460
we are hiring	201209	318775	44535	38410	14768	6728	131495	44698	39023	14048	5657	42906	12616	10592	3846	1204	41853	11487	9765	3659	1027
all	201210	9967186	3792821	1757908	182186	43153	15794212	3498888	1650649	156844	35607	4000211	949027	440125	47229	9288	5263206	972899	447180	51475	17035
all old	201210	2044919	390986	218657	43788	22496	2980325	346339	188786	36751	15621	286824	103853	59401	11378	4701	1392459	92725	55895	13148	11420
hashtags	201210	8033323	3600068	1627339	144555	22607	14996026	3321861	1538059	127065	23877	3743362	897974	403928	37436	5051	3897838	924099	413210	39718	6185
job opening	201210	1455595	179710	93849	11192	9634	2358325	161779	80433	9140	5228	130988	45493	23629	2280	945	1261045	46213	26338	5191	7772
job opportunity	201210	261146	104805	52238	10560	3933	171400	92403	45583	9039	2654	44160	29432	15257	2819	743	34266	20199	11914	2352	1042
job posting	201210	136780	62688	35150	4696	2495	135191	56955	31025	3756	1295	35199	15573	9093	1161	673	60493	15410	8751	1328	599
we are hiring	201210	195069	54022	45300	17499	6448	320356	45176	38901	15037	6745	77222	15167	13177	5175	2340	37263	13018	10835	4320	2017
all	201211	10939764	3339687	1577055	160545	37118	9967186	3792821	1757908	182186	43153	4493470	826529	391724	35678	6005	1475875	895170	413315	40907	7897
all old	201211	1305706	349574	206162	40735	10589	2044919	390986	218657	43788	22496	147037	76465	45756	8865	1820	216270	93753	55380	11249	3698
hashtags	201211	9729418	3156416	1447219	125049	27600	8033323	3600068	1627339	144555	22607	4368327	784528	362931	28057	4477	1284853	846461	378027	31048	4603
job opening	201211	406368	153384	82072	8928	2490	1455595	179710	93849	11192	9634	61607	34904	18318	1848	300	99964	38769	21443	2459	942
job opportunity	201211	146444	96711	52419	10027	2098	261146	104805	52238	10560	3933	34327	19452	11929	2468	399	39540	28162	14191	2732	546
job posting	201211	70365	54305	32366	3744	1223	136780	62688	35150	4696	2495	15460	12486	7227	748	287	17531	14119	8609	968	417
we are hiring	201211	688273	51556	45722	18303	4810	195069	54022	45300	17499	6448	36335	11211	9883	3879	834	59752	14460	12875	5134	1805
all	201212	6582322	2963775	1364697	86410	27012	12234528	3293674	1556113	158302	36471	802126	752299	346480	10214	4725	904485	809740	374659	18697	6981
all old	201212	505835	326759	186493	19709	11502	1290779	340312	201056	39343	10338	89981	79507	43323	2183	2180	111555	92092	53227	3878	3368
hashtags	201212	6166446	2795319	1246499	69906	17323	11036767	3114105	1429166	124024	27184	731585	712839	319390	8446	2893	815472	762049	340705	15530	4037
job opening	201212	205485	139471	72675	4594	2711	401865	149881	80129	8668	2395	36124	33648	16684	435	313	44524	38372	20618	893	1198
job opportunity	201212	123379	93844	47963	5572	2389	140815	92962	50903	9687	2037	26971	23923	11301	637	549	32779	27364	13672	1132	522
job posting	201212	73412	53219	31165	2201	1293	69980	53672	31974	3645	1292	13541	12569	7207	264	167	17184	14944	9036	529	488
we are hiring	201212	105486	45472	40415	7459	5176	683846	50048	44335	17606	4646	13843	10641	9514	872	1181	17604	12830	11449	1351	1176
all	201301	3364688	3056642	1430321	40877	24860	5204548	2953003	1358318	82391	26687	973682	897955	413690	13594	8470	1067220	910689	446195	13254	8106
all old	201301	497163	374432	224156	10898	13385	501984	326443	185528	19339	11315	129468	111123	68286	3586	4544	218207	132232	88645	3677	4592
hashtags	201301	2949746	2857814	1283588	31978	13194	4792046	2785152	1240788	66195	17181	868771	842294	374316	10676	4540	873877	837334	387093	10217	3881
job opening	201301	156756	142919	73246	2123	3461	204038	139539	72489	4497	2659	44762	40557	21159	659	1324	47430	43373	22297	684	1064
job opportunity	201301	214359	131635	79916	3281	2826	123596	94330	47857	5498	2392	42432	38243	23740	999	691	131094	58222	43667	1109	866
job posting	201301	62397	55587	31632	1342	2020	72020	52681	30789	2116	1149	21238	17998	10563	523	774	19061	16267	9862	452	1016
we are hiring	201301	65621	50034	45391	4229	5082	104251	45139	40115	7344	5182	21633	16209	14683	1433	1755	21163	16087	14630	1457	1646
all	201302	3680150	3370625	1567981	71858	48867	3239051	2946213	1381034	37602	21851	958065	871677	420662	22651	12714	959222	868272	413735	21066	18743
all old	201302	495261	408445	249203	15866	31261	472181	354658	211144	9842	11731	129189	105416	68164	4666	8653	128414	103788	64395	4433	11482
hashtags	201302	3285295	3149904	1404344	58992	19645	2844129	2757867	1242845	29566	11733	856033	813877	375880	18895	4536	855858	811074	370715	17517	8040
job opening	201302	189506	165983	92018	3281	10951	149101	136665	69143	1934	2697	46285	41980	24087	897	729	54515	43913	26130	1107	7290
job opportunity	201302	137705	118528	64544	4359	4244	206822	124692	76425	3024	2835	34357	29656	17203	1291	589	35615	30583	16763	1306	1270
job posting	201302	76793	64800	39689	2185	4120	58692	53131	29969	1161	1527	20316	16257	11163	692	1788	17217	15523	9185	496	310
we are hiring	201302	93582	66969	60591	6157	12088	59464	45451	41243	3796	4686	28883	19431	17721	1818	5613	21713	15671	14180	1567	2671
all	201303	3552845	3250862	1627887	90553	32609	3664292	3354862	1564048	73131	48886	843438	769799	391909	22319	6581	873654	795105	400298	23314	8402
all old	201303	486559	409307	271236	17371	15686	494360	408166	249588	15937	31025	114735	97442	62813	4165	2621	117721	99223	67113	4296	4272
hashtags	201303	3212610	3058462	1482494	76982	18870	3271925	3135268	1401365	60248	19922	763418	725360	357998	19047	4362	793249	750121	366165	19930	4456
job opening	201303	155256	140003	77425	3398	2855	188101	165070	91949	3314	10751	36332	33046	17366	728	483	37804	32902	18881	941	1093
job opportunity	201303	135501	107415	63897	5603	3999	137166	117923	64392	4386	4300	32562	27003	15238	1419	660	30108	25096	14583	1394	1054
job posting	201303	64904	56409	34788	2108	2105	76671	64749	39178	2194	4112	16189	13466	8774	541	237	15789	13110	8297	460	452
we are hiring	201303	132742	112052	102790	6370	6847	94722	68269	61751	6158	12012	30051	25439	23289	1504	1266	34406	29635	27205	1520	1673
all	201304	3415406	3118474	1533313	85731	33363	3552845	3250862	1627887	90553	32609	1015387	932875	447920	23470	9717	1028884	946049	449123	23452	7981
all old	201304	441969	372954	227127	16118	14908	486559	409307	271236	17371	15686	133650	114680	68984	4441	3212	138344	117357	71469	4451	3812
hashtags	201304	3070057	2924286	1386458	72583	20465	3212610	3058462	1482494	76982	18870	913039	873741	403417	19892	7109	919299	884329	401950	19713	4746
job opening	201304	156606	140525	76119	3103	3745	155256	140003	77425	3398	2855	47384	43438	22288	772	762	48877	43651	23676	883	1253
job opportunity	201304	136342	115834	64159	5503	2880	135501	107415	63897	5603	3999	40827	34887	19541	1545	862	43472	37189	20175	1512	696
job posting	201304	59450	52561	33031	1875	1309	64904	56409	34788	2108	2105	18541	16332	10157	566	343	19357	16709	10672	558	457
we are hiring	201304	90832	70378	61204	5706	6995	132742	112052	102790	6370	6847	27253	21872	19187	1580	1254	26977	21849	19237	1521	1406
all	201305	3711277	3397909	1652971	89517	60526	3483478	3183185	1562268	87391	33940	901741	829673	420445	22109	15491	912138	827062	408805	22749	18980
all old	201305	498073	422786	252675	16967	21422	451319	381138	232758	16505	15250	125924	107808	63280	4398	4056	130448	110033	66090	4447	7106
hashtags	201305	3326622	3176533	1487091	75689	42465	3132063	2984387	1411957	73973	20979	805907	773666	378812	18486	12148	809302	768803	364264	19081	12679
job opening	201305	161674	146313	74844	2932	3829	160126	143870	77908	3171	3839	39627	35847	18212	720	832	37600	34197	17279	701	510
job opportunity	201305	156631	131215	72882	5748	7407	137620	117060	65300	5562	2918	40404	34203	18483	1536	734	45831	37385	20403	1572	3629
job posting	201305	69960	61170	37462	2095	2404	60790	53705	33797	1926	1366	16944	14881	8920	493	633	17488	15506	9336	532	459
we are hiring	201305	111606	89146	73973	6306	7965	94240	73073	63361	5936	7268	29274	23553	18975	1680	1870	29948	23813	20153	1670	2508
all	201306	3146204	2873342	1496727	80752	61745	3711277	3397909	1652971	89517	60526	698613	638143	328033	21655	15966	790584	724152	388614	21212	16187
all old	201306	445636	375163	231137	16759	17108	498073	422786	252675	16967	21422	94862	78337	53513	4113	4298	109172	90424	58604	4575	4768
hashtags	201306	2815602	2675001	1343134	67210	46364	3326622	3176533	1487091	75689	42465	633470	594278	292530	18443	12107	711014	674504	348894	17644	11949
job opening	201306	149038	128454	69521	3483	6031	161674	146313	74844	2932	3829	34660	29595	16501	887	1770	38247	31984	17776	982	1995
job opportunity	201306	130168	110973	64121	5197	2436	156631	131215	72882	5748	7407	24601	19956	14728	1299	644	30735	25815	16801	1429	616
job posting	201306	65012	56199	35302	2280	1986	69960	61170	37462	2095	2404	13742	12162	8012	536	215	16489	14320	8935	701	579
we are hiring	201306	102836	82309	67947	5868	6691	111606	89146	73973	6306	7965	22129	17212	15772	1398	1673	24167	19100	16618	1482	1594
all	201307	2878274	2604872	1273832	87882	85099	3133137	2860783	1493398	81553	61979	769654	671608	333346	28957	36586	733755	667971	320945	25066	15410
all old	201307	420790	336897	232823	18092	24865	444318	373378	231570	16862	17416	110723	87044	61457	6149	6080	110142	88137	62167	5213	5709
hashtags	201307	2585197	2417896	1124136	74444	62872	2805495	2662955	1339639	67981	46570	689732	621175	293654	24226	31217	656347	618065	280712	21217	10277
job opening	201307	141537	123842	72281	3453	5296	149638	128899	69828	3519	6106	33959	29846	19207	1267	775	38048	32061	19654	1080	2039
job opportunity	201307	106306	84418	62081	5199	4224	128926	109595	64365	5242	2575	29158	22916	16435	1746	718	28367	22205	16630	1427	1305
job posting	201307	68578	53596	33929	3065	7420	64561	55845	35174	2272	1928	19564	15130	9375	937	2095	15871	13710	8370	946	254
we are hiring	201307	106442	82368	73333	6519	8103	102606	81917	68034	5895	6843	28722	21173	18792	2251	2492	28642	21563	19503	1822	2270
all	201308	3335714	2888608	1411731	203320	80170	2874863	2598212	1267696	88937	85095	876009	757847	370152	54296	19191	854820	745676	364278	51898	20356
all old	201308	481832	356304	239473	34967	32827	422205	337507	233288	18365	25019	125250	91289	61763	9247	8348	120140	89257	58294	8354	8441
hashtags	201308	3002915	2696126	1257151	176363	52006	2579871	2410467	1117552	75286	62494	789227	708232	329800	47299	12369	774189	699522	326947	45590	13256
job opening	201308	160774	133328	73501	7754	8393	141348	123616	72362	3552	5264	39828	33921	18378	2048	1190	44945	36304	18816	1989	3520
job opportunity	201308	122321	87313	63596	9988	9330	106803	84675	62172	5254	4259	32006	21693	16304	2658	2776	28072	20636	15023	2244	1370
job posting	201308	70764	56982	32961	4962	2721	69096	54013	34058	3104	7383	17437	14291	8141	1390	496	16123	13265	7573	1121	619
we are hiring	201308	130958	85872	77909	12571	12451	107089	82471	73467	6604	8291	36892	23509	21286	3291	3906	31769	20893	19033	3075	2988
all	201309	3520065	3019373	1434004	244692	78037	3335714	2888608	1411731	203320	80170	960919	818611	388383	69290	22454	980916	834325	388261	73237	23253
all old	201309	490184	352086	232096	40847	39583	481832	356304	239473	34967	32827	140779	100295	62566	11664	12696	147752	105703	65476	12915	12281
hashtags	201309	3164450	2827946	1282815	213530	41476	3002915	2696126	1257151	176363	52006	856549	765062	347038	60067	10407	874435	779467	345448	63296	11859
job opening	201309	170629	138950	74102	10116	10817	160774	133328	73501	7754	8393	52375	43110	20522	2798	2869	55362	45327	21444	2981	3838
job opportunity	201309	117376	79805	59045	9151	10889	122321	87313	63596	9988	9330	31496	19833	14839	2361	4415	33047	22246	16215	2683	3000
job posting	201309	69844	54643	30916	7641	2048	70764	56982	32961	4962	2721	21730	15879	8676	3071	739	19967	15259	8605	2579	511
we are hiring	201309	135125	86660	76567	14249	16484	130958	85872	77909	12571	12451	35862	23041	20548	3522	4820	40261	25143	21597	4758	5240
all	201310	3467073	2972435	1362153	235690	71698	3571865	3063074	1454206	249814	80140	873922	764879	344250	43024	21745	865126	736839	337232	58008	21107
all old	201310	445310	315685	192001	39163	36070	502442	360629	237459	42112	40680	119509	84395	49312	8729	12052	116062	77244	46901	9871	13208
hashtags	201310	3146313	2818270	1245229	205074	39650	3206434	2866819	1299283	217559	42393	789608	725988	315214	35961	10457	780839	700133	309768	50528	8753
job opening	201310	170297	137920	66000	8917	8420	175222	142750	75749	10430	10970	48973	37849	16857	1650	4117	41987	32377	15627	2000	2886
job opportunity	201310	103458	69727	48605	8017	8669	120708	81623	60505	9458	11594	29015	19693	13455	1947	3626	29414	18808	13084	1951	3189
job posting	201310	69138	51459	30319	10142	1905	71585	55830	31619	7945	2139	17441	13509	8204	2089	687	17779	12999	7699	2768	512
we are hiring	201310	104059	59220	52485	12358	17174	137704	88227	78097	14590	16632	24446	14020	12169	3089	3622	27295	13708	11778	3208	6675
all	201311	3335935	2965729	1303290	162740	68775	3467073	2972435	1362153	235690	71698	845419	751712	333607	42819	19101	809770	723663	316663	38706	14104
all old	201311	480341	367862	226532	30901	36029	445310	315685	192001	39163	36070	132242	102657	62835	7917	10950	123486	98599	59983	7496	5853
hashtags	201311	3052418	2825586	1200759	138165	36402	3146313	2818270	1245229	205074	39650	771716	714831	306912	36631	9533	744502	690081	292459	32932	8929
job opening	201311	174597	148596	79928	5898	8190	170297	137920	66000	8917	8420	47355	38274	22259	1596	4552	41293	35872	20870	1401	1314
job opportunity	201311	135901	107420	83758	7924	7135	103458	69727	48605	8017	8669	36935	30088	24167	1977	1770	36254	29780	24407	1957	1141
job posting	201311	73513	61278	24147	5877	2467	69138	51459	30319	10142	1905	25004	21411	6555	1574	847	23566	20561	5606	1463	634
we are hiring	201311	97982	52883	46268	11413	18542	104059	59220	52485	12358	17174	23428	13515	11963	2829	3889	22748	12917	11277	2728	2828
all	201312	3227455	2865341	1338381	153784	61845	3290688	2927907	1287039	160126	67318	810830	717020	330565	35947	14926	904502	802919	395783	42493	18325
all old	201312	454654	352456	230321	27408	29200	473061	363461	224583	30092	34954	107549	83144	55605	6110	7444	123214	95129	64124	7764	8571
hashtags	201312	2970588	2740612	1246577	132183	36206	3013991	2790936	1187027	136305	35968	749286	687572	308971	31082	8177	833199	767604	369420	36277	10661
job opening	201312	178982	147192	83856	5900	9916	170485	145371	78965	5669	7870	44381	37094	20957	1378	1147	50449	41074	23872	1767	4123
job opportunity	201312	143358	117163	93997	7005	6837	135343	107676	84273	7762	7024	35244	28712	23181	1620	2370	39402	31962	25805	1980	1799
job posting	201312	55264	45278	21399	5007	1656	72759	60758	23611	5755	2494	9199	7347	4540	851	429	12280	9913	5651	1350	333
we are hiring	201312	78357	44934	39438	9639	10905	96085	51911	45319	11113	17871	18988	10495	9040	2285	3514	21391	12757	11071	2701	2352
all	201401	3209629	2779071	1281588	173493	79823	3223962	2863764	1338290	153080	61679	811446	694485	318426	49626	24920	907591	772744	353037	52277	28420
all old	201401	486869	348988	232088	34832	47497	452287	351224	229805	27156	29190	128668	84744	59111	10915	15823	146596	100805	65637	11129	16540
hashtags	201401	2901108	2634188	1172349	144762	36529	2969125	2739759	1247070	131698	36059	720439	651869	286200	40440	10344	810807	728672	319308	42996	13378
job opening	201401	186235	145050	87104	7121	20178	178488	146870	83770	5905	9913	46793	33036	22032	2271	7554	55057	41505	24862	2273	7364
job opportunity	201401	139683	108713	86222	8426	8157	143233	117179	94032	6940	6899	34601	24533	18485	2548	2915	39626	28458	22562	2734	3066
job posting	201401	58065	46034	21253	5932	1822	54468	44642	21200	4920	1584	15935	12222	6637	1861	525	20213	16135	6522	1789	867
we are hiring	201401	104725	51759	45089	13545	17840	77412	44636	39194	9529	10908	31892	15819	13557	4295	4985	32432	15502	13589	4393	5571
all	201402	3524363	3041936	1288778	207296	97725	3175116	2757593	1271708	167950	76210	968536	833825	331561	54230	29650	915936	793658	339386	53254	23960
all old	201402	497467	338124	229997	41949	49204	476669	345273	228647	32942	45693	140569	92242	59454	10785	18035	127077	87581	60499	10734	11084
hashtags	201402	3187324	2878064	1168333	173215	53697	2878052	2617880	1166695	140925	34668	874131	792124	301467	45604	13834	831907	751323	307696	44565	13784
job opening	201402	157374	125467	80801	7859	10738	185531	145174	86269	6834	19724	40622	32259	20776	1878	2970	41924	32726	21421	2149	3096
job opportunity	201402	140278	96406	73678	10461	14381	138813	108944	86754	8022	8077	41134	25362	19032	2885	7658	33365	23634	18794	2701	2123
job posting	201402	73008	56054	26615	7213	3200	55499	44192	20252	5587	1709	24797	19306	7048	1750	811	19190	15107	7260	1863	959
we are hiring	201402	129251	63307	54753	16701	21442	98578	49383	42995	12678	16683	34589	16028	14035	4341	6814	33218	16917	14533	4093	5062
all	201403	4125290	3573567	1455553	226672	88691	3495235	3020548	1274580	204645	95953	1129672	965148	397374	59417	21327	1137285	988288	397614	61013	28328
all old	201403	567053	408374	252337	42268	45684	488474	332995	225932	40940	48225	169378	125739	70635	11732	12150	166922	120716	70129	11525	14685
hashtags	201403	3758261	3410343	1334550	192767	47679	3165916	2860370	1157081	171537	52743	1017180	919252	363385	49774	10309	1027380	942888	364064	51623	15216
job opening	201403	193880	157653	82724	7977	12361	153978	122779	79061	7743	10525	61939	52841	23076	2058	2609	65415	51270	23923	2415	5821
job opportunity	201403	165219	121500	97824	10926	11656	138563	95418	72959	10276	14344	46308	34844	27739	2929	3438	43924	33599	27184	2762	2904
job posting	201403	87373	73676	25541	6987	1929	72167	55789	25953	6970	3112	26282	22617	6996	2043	439	25752	21469	7038	2006	472
we are hiring	201403	123340	58875	52300	16671	20313	126167	62029	53695	16229	20801	35824	16432	14497	4800	5888	32596	15405	13647	4434	5596
all	201404	4574840	3991864	1582133	234172	92650	4125290	3573567	1455553	226672	88691	1170076	1026673	397198	55475	23661	1228175	1077750	417890	61828	24976
all old	201404	620261	449282	266364	45545	57900	567053	408374	252337	42268	45684	152762	110370	65273	10840	14996	162521	116505	69670	12214	16660
hashtags	201404	4155861	3820820	1456308	198297	45995	3758261	3410343	1334550	192767	47679	1070884	986212	367560	47235	16189	1115601	1032798	384726	52207	10006
job opening	201404	251913	208823	88322	8922	17724	193880	157653	82724	7977	12361	60389	52907	21290	2074	2302	68117	55444	23246	2348	6499
job opportunity	201404	176219	128051	105965	12032	18864	165219	121500	97824	10926	11656	47580	31532	26619	3041	8922	44738	33102	27598	3235	3653
job posting	201404	69973	54647	25007	7640	2911	87373	73676	25541	6987	1929	15830	12182	6257	1770	663	17085	13021	6505	2042	733
we are hiring	201404	125054	61245	53615	17255	19082	123340	58875	52300	16671	20313	29645	14697	12820	4029	3189	33423	15991	14088	4674	5894
all	201405	4720081	4118093	1562518	257577	86130	4588883	4011632	1584540	234121	92558	1230897	1081235	389801	65593	20567	1162623	1008150	389962	67036	20755
all old	201405	594577	441193	261854	42104	44905	616354	446562	265223	45333	57696	151705	115183	65199	10177	10936	142899	105804	64562	10376	12007
hashtags	201405	4327472	3954178	1440650	225436	48322	4172502	3841731	1459688	198502	46177	1137598	1042463	360713	58065	11404	1067610	969254	360706	59227	11276
job opening	201405	235088	199676	84787	8319	10851	251426	208082	88128	8932	17870	55241	47282	20356	1948	3040	56224	48563	20413	2036	2597
job opportunity	201405	169485	127807	107366	12679	11362	175670	127779	105883	11982	18709	43556	32659	27371	3133	3241	42830	32274	27152	3171	3124
job posting	201405	60861	48154	24398	4554	3328	69048	53642	24902	7612	2953	13835	11122	5992	1027	467	13922	11213	5697	1076	598
we are hiring	201405	132252	69053	51758	16818	20341	123172	60529	52875	17106	18892	40224	25008	13191	4166	4832	30537	14493	12889	4159	5821
all	201406	5538615	4898620	1803115	278497	106187	4720081	4118093	1562518	257577	86130	1649956	1470581	509309	79987	27811	1476885	1292850	498560	77583	37408
all old	201406	685901	513646	327295	42778	62903	594577	441193	261854	42104	44905	186067	142274	90958	11630	15739	200780	143200	95180	12289	26760
hashtags	201406	5071489	4685732	1633793	246448	50284	4327472	3954178	1440650	225436	48322	1521975	1411096	461561	71392	14368	1334790	1228797	446653	68332	12428
job opening	201406	267619	215295	97781	9391	25207	235088	199676	84787	8319	10851	72906	61287	25828	2787	5026	83730	60014	29742	3111	15321
job opportunity	201406	187539	145971	123202	12133	13087	169485	127807	107366	12679	11362	52985	40761	34633	3282	4205	53434	40348	34108	3288	5435
job posting	201406	70559	50746	32542	5238	6712	60861	48154	24398	4554	3328	16104	12546	8269	1184	1057	17596	13079	8919	1320	1276
we are hiring	201406	163212	105830	82097	16277	18505	132252	69053	51758	16818	20341	44741	28804	24523	4436	5479	46909	31059	24842	4643	4796
all	201407	6287908	5585474	1822504	288307	111340	5653898	4998716	1835166	283697	108276	1687468	1510713	468506	71383	24816	1661130	1476308	466224	76769	28607
all old	201407	733490	547284	307044	47269	67351	702595	525962	334930	43893	64217	191453	149145	77668	12004	13273	209271	153385	81311	13772	18541
hashtags	201407	5815562	5401452	1681242	252100	50106	5174213	4779695	1660738	250812	51250	1573834	1467606	436028	62240	13110	1530725	1428450	429886	66195	11935
job opening	201407	285422	233742	88531	11338	24839	273756	220727	99803	9662	25230	70445	61189	22021	2629	2803	76338	61430	22246	2863	8261
job opportunity	201407	176293	137698	116197	11536	10470	190947	148245	125174	12362	13329	44697	34572	29162	3060	2372	44802	34287	29165	2924	3530
job posting	201407	58109	45490	27098	4340	2722	71872	51838	33296	5342	6754	16046	12283	6945	1157	688	15498	12101	6925	1134	944
we are hiring	201407	216847	133883	82554	20355	29653	169034	109452	85157	16781	19436	61423	41931	21319	5238	7478	73528	46473	24761	6966	6061
all	201408	7122283	6433556	1912935	269823	127926	6276415	5579344	1812416	285972	110672	2043818	1858852	540415	66310	49727	2005867	1828203	500040	72760	34118
all old	201408	951175	750496	404365	47818	87193	730838	545902	304376	47023	66855	322895	251566	138891	12204	40775	284652	228531	119374	13490	24987
hashtags	201408	6661109	6261654	1786854	235435	47979	5807981	5398303	1673970	249860	49839	1908909	1816089	508434	57883	10336	1884613	1782984	466683	63496	11721
job opening	201408	347384	268375	136401	11306	51750	284700	233152	87976	11265	24902	125047	83827	52804	2778	33579	94472	71907	39467	3539	14545
job opportunity	201408	234933	193352	167232	11777	13783	174666	136506	115126	11431	10376	77358	68284	60796	2974	2360	67780	55392	47840	3141	4815
job posting	201408	60699	48632	25907	4794	2605	57960	45287	26860	4324	2776	14990	11896	6611	1106	731	14050	11250	6175	1291	539
we are hiring	201408	310307	243305	131864	20229	19182	216652	134416	81655	20305	29134	106036	88308	46277	5410	4117	108977	90860	48721	5605	5133
all	201409	3209656	2959829	909430	97879	38045	7122283	6433556	1912935	269823	127926	0	0	0	0	0	0	0	0	0	0
all old	201409	452405	384759	221136	18805	19986	951175	750496	404365	47818	87193	0	0	0	0	0	0	0	0	0	0
hashtags	201409	3032196	2882916	852870	84185	20885	6661109	6261654	1786854	235435	47979	0	0	0	0	0	0	0	0	0	0
job opening	201409	148588	135428	85048	3532	3184	347384	268375	136401	11306	51750	0	0	0	0	0	0	0	0	0	0
job opportunity	201409	133122	113048	98711	5155	5549	234933	193352	167232	11777	13783	0	0	0	0	0	0	0	0	0	0
job posting	201409	25426	20527	11220	1857	960	60699	48632	25907	4794	2605	0	0	0	0	0	0	0	0	0	0
we are hiring	201409	146237	117248	63138	8374	10325	310307	243305	131864	20229	19182	0	0	0	0	0	0	0	0	0	0
