#Field:candidate	MonthId	NumTweets_Month1	NumDistinctTweets_Month1	NumDistinctUsers_Month1	NumPopularTweets_Month1	NumVerifiedTweets_Month1	NumTweets_Month2	NumDistinctTweets_Month2	NumDistinctUsers_Month2	NumPopularTweets_Month2	NumVerifiedTweets_Month2	NumTweets_Week1	NumDistinctTweets_Week1	NumDistinctUsers_Week1	NumPopularTweets_Week1	NumVerifiedTweets_Week1	NumTweets_Week2	NumDistinctTweets_Week2	NumDistinctUsers_Week2	NumPopularTweets_Week2	NumVerifiedTweets_Week2
all	201101	2106	456	391	296	2106	0	0	0	0	0	1010	258	204	126	1010	568	104	99	80	568
all old	201101	717	55	54	80	717	0	0	0	0	0	210	20	20	30	210	246	19	19	22	246
hashtags	201101	1429	409	345	224	1429	0	0	0	0	0	812	241	187	96	812	334	86	81	62	334
job opening	201101	186	13	13	21	186	0	0	0	0	0	51	3	3	6	51	66	6	6	6	66
job opportunity	201101	81	13	13	16	81	0	0	0	0	0	18	2	2	3	18	45	7	7	7	45
job posting	201101	97	8	8	6	97	0	0	0	0	0	85	5	5	6	85	6	2	2	0	6
we are hiring	201101	353	21	21	37	353	0	0	0	0	0	56	10	10	15	56	129	4	4	9	129
all	201102	8403	2422	1262	754	8403	1677	358	321	243	1677	1905	565	347	199	1905	3057	895	399	258	3057
all old	201102	1510	148	115	168	1510	672	49	48	71	672	309	35	34	37	309	412	45	34	48	412
hashtags	201102	7153	2298	1169	622	7153	1033	314	278	180	1033	1632	537	321	166	1632	2701	859	371	222	2701
job opening	201102	345	32	25	50	345	168	12	12	18	168	66	4	4	3	66	108	14	10	20	108
job opportunity	201102	302	23	20	18	302	81	13	13	16	81	27	7	7	0	27	198	8	8	9	198
job posting	201102	109	17	17	21	109	93	7	7	6	93	60	6	6	9	60	18	4	4	6	18
we are hiring	201102	754	78	55	79	754	330	17	17	31	330	156	19	18	25	156	88	19	12	13	88
all	201103	4155	923	363	248	4155	8983	2688	1293	768	8983	355	23	21	25	355	621	42	38	43	621
all old	201103	249	25	25	40	249	1522	149	116	172	1522	21	1	1	3	21	99	3	3	9	99
hashtags	201103	3954	904	344	224	3954	7733	2564	1200	636	7733	334	22	20	22	334	522	39	35	34	522
job opening	201103	84	10	10	20	84	345	32	25	50	345	0	0	0	0	0	9	1	1	3	9
job opportunity	201103	52	4	4	7	52	314	24	21	22	314	0	0	0	0	0	33	1	1	3	33
job posting	201103	81	3	3	6	81	109	17	17	21	109	21	1	1	3	21	57	1	1	3	57
we are hiring	201103	32	8	8	7	32	754	78	55	79	754	0	0	0	0	0	0	0	0	0	0
all	201104	10060	1372	1052	844	10060	4155	923	363	248	4155	742	254	221	111	742	3494	438	316	227	3494
all old	201104	1745	97	90	106	1745	249	25	25	40	249	98	20	19	15	98	735	36	31	41	735
hashtags	201104	8507	1298	981	766	8507	3954	904	344	224	3954	652	236	204	96	652	2859	412	290	194	2859
job opening	201104	787	41	35	39	787	84	10	10	20	84	43	6	6	3	43	497	20	15	19	497
job opportunity	201104	271	20	20	23	271	52	4	4	7	52	15	4	4	3	15	65	4	4	6	65
job posting	201104	159	9	9	9	159	81	3	3	6	81	6	1	1	3	6	48	5	5	3	48
we are hiring	201104	528	28	27	35	528	32	8	8	7	32	34	9	8	6	34	125	7	7	13	125
all	201105	2769	773	632	319	2769	10072	1381	1061	842	10072	577	117	98	87	577	834	232	188	87	834
all old	201105	560	70	70	61	560	1745	97	90	106	1745	79	15	15	15	79	182	19	19	13	182
hashtags	201105	2291	716	575	274	2291	8519	1307	990	764	8519	502	103	84	72	502	694	219	175	78	694
job opening	201105	137	21	21	18	137	787	41	35	39	787	6	2	2	0	6	68	8	8	4	68
job opportunity	201105	100	19	19	10	100	271	20	20	23	271	18	4	4	3	18	23	3	3	0	23
job posting	201105	24	5	5	6	24	159	9	9	9	159	6	1	1	3	6	0	0	0	0	0
we are hiring	201105	299	26	26	27	299	528	28	27	35	528	49	8	8	9	49	91	9	9	9	91
all	201106	4682	582	516	479	4682	2769	773	632	319	2769	1215	201	187	193	1215	1481	160	142	135	1481
all old	201106	1218	100	99	115	1218	560	70	70	61	560	239	35	34	47	239	587	32	32	31	587
hashtags	201106	3568	503	440	380	3568	2291	716	575	274	2291	1032	175	162	154	1032	922	136	118	108	922
job opening	201106	284	28	28	29	284	137	21	21	18	137	74	11	11	10	74	29	6	6	0	29
job opportunity	201106	121	21	21	13	121	100	19	19	10	100	32	7	7	7	32	76	10	10	6	76
job posting	201106	73	12	11	0	73	24	5	5	6	24	13	4	3	0	13	18	3	3	0	18
we are hiring	201106	740	39	39	73	740	299	26	26	27	299	120	13	13	30	120	464	13	13	25	464
all	201107	6054	867	777	678	6054	4878	585	519	494	4878	1555	301	253	195	1555	1402	214	197	173	1402
all old	201107	1431	148	141	160	1431	1264	101	100	118	1264	340	52	46	41	340	454	32	31	43	454
hashtags	201107	4826	743	660	546	4826	3722	506	443	392	3722	1247	256	215	162	1247	976	188	171	134	976
job opening	201107	140	34	32	20	140	284	28	28	29	284	36	10	9	4	36	20	6	5	0	20
job opportunity	201107	367	40	39	44	367	122	21	21	13	122	100	11	10	9	100	62	8	8	12	62
job posting	201107	162	24	20	15	162	73	12	11	0	73	51	13	9	6	51	87	5	5	6	87
we are hiring	201107	766	51	51	81	766	785	40	40	76	785	153	18	18	22	153	285	13	13	25	285
all	201108	8811	1269	1139	958	8811	5986	888	793	686	5986	2709	405	354	310	2709	3034	433	387	320	3034
all old	201108	2436	200	197	200	2436	1415	149	141	160	1415	396	57	57	54	396	1161	71	70	70	1161
hashtags	201108	6543	1099	972	790	6543	4770	762	675	554	4770	2373	360	309	268	2373	1945	373	328	262	1945
job opening	201108	1150	66	65	64	1150	146	36	33	20	146	131	18	18	22	131	790	29	29	29	790
job opportunity	201108	190	35	34	26	190	360	38	37	44	360	75	18	18	7	75	57	7	7	13	57
job posting	201108	282	34	33	33	282	174	25	21	15	174	84	4	4	6	84	50	12	11	10	50
we are hiring	201108	898	71	71	89	898	739	51	51	81	739	110	18	18	19	110	280	24	24	22	280
all	201109	18966	1665	1503	1573	18966	8811	1269	1139	958	8811	3340	370	345	340	3340	4550	510	451	520	4550
all old	201109	3330	205	196	265	3330	2436	200	197	200	2436	1218	60	54	80	1218	1232	58	56	88	1232
hashtags	201109	16011	1501	1351	1384	16011	6543	1099	972	790	6543	2202	320	303	280	2202	3477	466	410	460	3477
job opening	201109	1324	62	60	75	1324	1150	66	65	64	1150	657	18	17	15	657	208	8	8	6	208
job opportunity	201109	361	36	36	30	361	190	35	34	26	190	91	6	6	3	91	174	12	12	17	174
job posting	201109	405	40	34	42	405	282	34	33	33	282	225	18	13	24	225	203	13	11	15	203
we are hiring	201109	1240	68	67	118	1240	898	71	71	89	898	245	19	19	38	245	647	25	25	50	647
all	201110	20035	1364	1272	1425	20035	18592	1637	1472	1539	18592	6154	408	380	434	6154	5506	383	365	444	5506
all old	201110	4139	205	194	267	4139	3292	199	190	253	3292	2142	73	66	94	2142	798	59	58	96	798
hashtags	201110	16183	1193	1116	1206	16183	15679	1480	1327	1362	15679	4116	343	323	356	4116	4823	340	325	372	4823
job opening	201110	460	58	57	66	460	1310	60	58	66	1310	92	13	13	16	92	189	22	21	41	189
job opportunity	201110	265	33	31	27	265	355	34	34	30	355	109	12	11	12	109	51	9	9	6	51
job posting	201110	350	36	30	15	350	405	40	34	42	405	264	21	15	12	264	35	6	6	3	35
we are hiring	201110	3064	80	78	159	3064	1222	66	65	115	1222	1677	28	28	54	1677	523	24	24	46	523
all	201111	10425	966	908	786	10425	20035	1364	1272	1425	20035	815	203	191	23	815	890	155	146	87	890
all old	201111	2102	162	157	130	2102	4139	205	194	267	4139	422	46	45	3	422	133	23	23	19	133
hashtags	201111	8495	833	785	672	8495	16183	1193	1116	1206	16183	421	169	159	20	421	773	136	128	72	773
job opening	201111	696	41	41	34	696	460	58	57	66	460	48	12	12	0	48	66	8	8	15	66
job opportunity	201111	391	31	31	12	391	265	33	31	27	265	295	10	10	3	295	24	5	5	0	24
job posting	201111	435	33	28	21	435	350	36	30	15	350	18	6	5	0	18	12	4	4	0	12
we are hiring	201111	580	58	58	63	580	3064	80	78	159	3064	61	19	19	0	61	31	6	6	4	31
all	201112	2744	996	929	115	2744	9541	867	818	697	9541	574	216	204	21	574	972	354	325	33	972
all old	201112	842	217	208	25	842	1834	145	144	117	1834	186	51	51	3	186	335	84	82	9	335
hashtags	201112	2082	845	787	94	2082	7875	751	708	592	7875	436	183	171	18	436	693	293	266	24	693
job opening	201112	307	74	72	9	307	693	40	40	34	693	65	15	15	3	65	146	36	35	3	146
job opportunity	201112	286	71	69	10	286	392	31	31	12	392	60	17	17	0	60	101	25	25	3	101
job posting	201112	86	25	22	0	86	399	24	23	21	399	15	5	5	0	15	24	5	5	0	24
we are hiring	201112	163	47	46	6	163	350	51	51	50	350	46	14	14	0	46	64	18	17	3	64
all	201201	12389	1783	1649	777	12389	2748	994	927	115	2748	9450	770	712	678	9450	1572	478	436	76	1572
all old	201201	4362	408	388	187	4362	845	217	208	25	845	3133	142	137	158	3133	619	106	99	26	619
hashtags	201201	8486	1477	1364	630	8486	2087	845	787	94	2087	6501	650	598	552	6501	1057	401	367	58	1057
job opening	201201	749	112	111	29	749	309	74	72	9	309	424	36	36	29	424	134	32	32	4	134
job opportunity	201201	877	154	148	44	877	287	71	69	10	287	235	35	35	28	235	362	37	35	13	362
job posting	201201	199	44	33	21	199	86	25	22	0	86	123	23	18	21	123	27	8	4	3	27
we are hiring	201201	2537	101	99	93	2537	163	47	46	6	163	2351	51	51	80	2351	96	29	28	6	96
all	201202	26829	2795	2554	2740	26829	8142	1581	1472	515	8142	6561	727	665	749	6561	3648	588	550	519	3648
all old	201202	8812	577	553	785	8812	3697	373	353	129	3697	3259	160	157	242	3259	1424	134	123	190	1424
hashtags	201202	18921	2371	2142	2096	18921	4884	1306	1218	422	4884	3512	612	552	547	3512	2508	505	469	381	2508
job opening	201202	2165	195	194	261	2165	446	101	100	11	446	666	58	58	86	666	355	40	40	40	355
job opportunity	201202	1510	125	120	118	1510	833	145	139	35	833	860	30	29	34	860	207	29	28	39	207
job posting	201202	287	48	42	37	287	187	42	31	18	187	75	13	12	6	75	104	11	10	16	104
we are hiring	201202	4869	221	210	374	4869	2231	87	85	65	2231	1662	65	64	116	1662	758	54	46	95	758
all	201203	29996	3023	2632	2654	29996	27612	2793	2548	2771	27612	6747	745	602	539	6747	6778	689	617	618	6778
all old	201203	10380	532	515	871	10380	9036	576	551	816	9036	2271	122	117	198	2271	2405	137	135	221	2405
hashtags	201203	20131	2594	2224	1854	20131	19476	2370	2138	2096	19476	4591	647	510	364	4591	4469	570	501	409	4469
job opening	201203	2217	200	194	288	2217	2195	195	194	283	2195	475	50	47	67	475	803	40	39	51	803
job opportunity	201203	2486	105	101	203	2486	1493	121	116	115	1493	1108	29	28	58	1108	526	26	26	58	526
job posting	201203	388	54	50	64	388	296	50	43	40	296	39	7	7	9	39	132	17	17	12	132
we are hiring	201203	5309	185	182	320	5309	5071	223	212	383	5071	653	38	37	64	653	944	56	55	100	944
all	201204	20971	3099	2547	2376	20971	29996	3023	2632	2654	29996	5738	1073	792	714	5738	7100	821	697	780	7100
all old	201204	8831	550	513	769	8831	10380	532	515	871	10380	2277	160	154	222	2277	3203	157	144	277	3203
hashtags	201204	12941	2696	2172	1729	12941	20131	2594	2224	1854	20131	3818	956	683	536	3818	4266	720	601	559	4266
job opening	201204	2699	185	180	287	2699	2217	200	194	288	2217	533	53	51	51	533	929	50	50	125	929
job opportunity	201204	2403	151	139	136	2403	2486	105	101	203	2486	620	49	49	65	620	360	50	42	21	360
job posting	201204	995	70	57	97	995	388	54	50	64	388	631	18	16	21	631	695	16	14	52	695
we are hiring	201204	3352	164	158	269	3352	5309	185	182	320	5309	518	53	52	90	518	1233	45	43	84	1233
all	201205	31330	3774	3029	3054	31330	20825	3236	2644	2462	20825	6676	933	791	870	6676	7463	1061	820	823	7463
all old	201205	13976	599	572	921	13976	8235	566	529	786	8235	2154	158	154	252	2154	2486	135	129	212	2486
hashtags	201205	18136	3280	2564	2268	18136	13391	2820	2256	1798	13391	4766	803	664	675	4766	5203	948	713	643	5203
job opening	201205	5665	168	163	270	5665	2688	184	179	284	2688	413	44	43	56	413	492	34	34	51	492
job opportunity	201205	3812	152	149	250	3812	1603	160	148	141	1603	517	46	45	78	517	969	32	32	66	969
job posting	201205	718	87	70	66	718	998	71	57	97	998	104	20	18	15	104	171	22	17	24	171
we are hiring	201205	3817	213	208	339	3817	3564	171	166	284	3564	1120	56	55	103	1120	890	50	49	75	890
all	201206	21005	3332	2815	2502	21005	31330	3774	3029	3054	31330	5732	861	725	702	5732	3821	771	657	458	3821
all old	201206	6509	547	510	651	6509	13976	599	572	921	13976	2831	177	161	244	2831	955	134	126	110	955
hashtags	201206	15429	2908	2423	1973	15429	18136	3280	2564	2268	18136	3149	723	600	490	3149	3015	668	561	379	3015
job opening	201206	3163	179	173	233	3163	5665	168	163	270	5665	2163	75	72	147	2163	387	41	39	16	387
job opportunity	201206	1141	136	130	184	1141	3812	152	149	250	3812	228	33	29	41	228	249	32	31	40	249
job posting	201206	383	71	49	55	383	718	87	70	66	718	65	15	9	10	65	117	19	15	27	117
we are hiring	201206	1857	178	172	188	1857	3817	213	208	339	3817	394	58	54	51	394	202	45	43	27	202
all	201207	18958	3284	2775	2144	18958	19825	3196	2691	2350	19825	4661	876	759	545	4661	5929	959	801	636	5929
all old	201207	6845	612	569	647	6845	6045	519	483	609	6045	1683	181	167	176	1683	2578	174	163	217	2578
hashtags	201207	12991	2808	2344	1596	12991	14654	2791	2318	1852	14654	3185	737	634	405	3185	3739	826	679	450	3739
job opening	201207	2055	190	176	167	2055	3090	172	167	223	3090	336	59	52	37	336	1263	44	41	75	1263
job opportunity	201207	1377	132	126	133	1377	1050	124	119	171	1050	162	32	32	18	162	582	47	45	61	582
job posting	201207	1495	65	59	97	1495	377	69	47	55	377	642	26	21	46	642	148	13	12	12	148
we are hiring	201207	1938	232	216	254	1938	1563	169	163	169	1563	543	66	64	75	543	585	72	66	69	585
all	201208	31049	4130	3567	3512	31049	19654	3421	2893	2226	19654	10492	1076	952	1055	10492	5551	1059	925	908	5551
all old	201208	11773	894	799	1120	11773	7086	644	601	673	7086	3594	254	237	379	3594	1787	232	209	288	1787
hashtags	201208	20728	3408	2936	2609	20728	13478	2919	2438	1660	13478	7436	873	764	744	7436	4133	874	762	698	4133
job opening	201208	3692	216	197	221	3692	2085	196	182	171	2085	843	52	46	73	843	232	45	43	41	232
job opportunity	201208	1427	155	145	191	1427	1519	142	136	145	1519	406	44	43	62	406	295	41	40	56	295
job posting	201208	1115	135	104	177	1115	1516	68	62	100	1516	231	28	22	47	231	240	31	25	38	240
we are hiring	201208	5657	402	368	549	5657	1986	245	229	261	1986	2198	135	131	205	2198	1054	120	106	163	1054
all	201209	35079	4412	3687	3997	35079	31049	4130	3567	3512	31049	8107	1452	1062	1074	8107	7960	1024	903	996	7960
all old	201209	15381	940	877	1413	15381	11773	894	799	1120	11773	2562	264	246	365	2562	3402	229	216	376	3402
hashtags	201209	23593	3619	2960	2786	23593	20728	3408	2936	2609	20728	5903	1212	841	745	5903	4808	826	720	656	4808
job opening	201209	5127	232	224	298	5127	3692	216	197	221	3692	287	64	63	45	287	1140	64	63	101	1140
job opportunity	201209	2597	205	200	402	2597	1427	155	145	191	1427	784	56	55	115	784	836	49	47	93	836
job posting	201209	1226	118	103	171	1226	1115	135	104	177	1115	291	32	27	59	291	460	25	23	53	460
we are hiring	201209	6728	404	366	565	6728	5657	402	368	549	5657	1204	115	103	146	1204	1027	99	90	140	1027
all	201210	43153	4870	4303	4950	43153	35607	4445	3723	4070	35607	9288	1200	1064	1032	9288	17035	1291	1136	1481	17035
all old	201210	22496	1250	1113	2134	22496	15621	960	895	1478	15621	4701	311	270	406	4701	11420	352	320	739	11420
hashtags	201210	22607	3827	3382	3181	22607	23877	3629	2975	2802	23877	5051	939	844	686	5051	6185	994	875	855	6185
job opening	201210	9634	349	314	552	9634	5228	237	229	301	5228	945	60	58	59	945	7772	115	113	294	7772
job opportunity	201210	3933	237	225	519	3933	2654	212	207	413	2654	743	62	57	104	743	1042	67	62	145	1042
job posting	201210	2495	160	139	242	2495	1295	125	109	183	1295	673	39	29	49	673	599	36	32	50	599
we are hiring	201210	6448	532	464	826	6448	6745	407	368	604	6745	2340	155	133	194	2340	2017	141	120	255	2017
all	201211	37118	4084	3628	3683	37118	43153	4870	4303	4950	43153	6005	862	763	686	6005	7897	1156	1029	1066	7897
all old	201211	10589	1020	930	1485	10589	22496	1250	1113	2134	22496	1820	182	173	296	1820	3698	310	280	517	3698
hashtags	201211	27600	3218	2846	2404	27600	22607	3827	3382	3181	22607	4477	717	626	444	4477	4603	893	798	631	4603
job opening	201211	2490	270	252	267	2490	9634	349	314	552	9634	300	53	52	35	300	942	80	76	95	942
job opportunity	201211	2098	185	177	339	2098	3933	237	225	519	3933	399	35	35	94	399	546	52	51	100	546
job posting	201211	1223	108	91	214	1223	2495	160	139	242	2495	287	28	25	48	287	417	37	27	69	417
we are hiring	201211	4810	468	425	674	4810	6448	532	464	826	6448	834	67	62	119	834	1805	146	134	257	1805
all	201212	27012	3698	3252	3025	27012	36471	3962	3509	3547	36471	4725	844	734	577	4725	6981	1027	908	800	6981
all old	201212	11502	1024	931	1382	11502	10338	986	900	1421	10338	2180	221	208	258	2180	3368	299	270	421	3368
hashtags	201212	17323	2926	2529	1881	17323	27184	3126	2752	2328	27184	2893	678	577	376	2893	4037	788	691	442	4037
job opening	201212	2711	261	250	346	2711	2395	269	251	261	2395	313	44	43	45	313	1198	86	82	122	1198
job opportunity	201212	2389	201	193	281	2389	2037	177	169	329	2037	549	56	53	48	549	522	50	48	68	522
job posting	201212	1293	139	120	190	1293	1292	103	87	193	1292	167	31	30	19	167	488	53	40	85	488
we are hiring	201212	5176	443	388	582	5176	4646	447	407	647	4646	1181	95	88	155	1181	1176	114	104	150	1176
all	201301	24860	3520	3029	2626	24860	26687	3680	3237	2993	26687	8470	1010	893	872	8470	8106	1164	1001	916	8106
all old	201301	13385	985	940	1283	13385	11315	1023	931	1376	11315	4544	298	287	454	4544	4592	342	333	480	4592
hashtags	201301	13194	2732	2277	1544	13194	17181	2908	2513	1855	17181	4540	774	665	497	4540	3881	875	722	503	3881
job opening	201301	3461	211	209	203	3461	2659	256	246	343	2659	1324	65	65	76	1324	1064	68	68	74	1064
job opportunity	201301	2826	244	238	354	2826	2392	202	194	281	2392	691	59	57	102	691	866	84	83	127	866
job posting	201301	2020	124	116	198	2020	1149	140	121	187	1149	774	39	39	81	774	1016	47	45	84	1016
we are hiring	201301	5082	424	399	528	5082	5182	445	390	582	5182	1755	139	133	195	1755	1646	151	146	195	1646
all	201302	48867	4430	3928	4349	48867	21851	3269	2800	2381	21851	12714	1181	1032	1181	12714	18743	1270	1108	1361	18743
all old	201302	31261	1317	1230	2240	31261	11731	892	853	1138	11731	8653	336	312	598	8653	11482	355	327	682	11482
hashtags	201302	19645	3378	2946	2403	19645	11733	2554	2118	1429	11733	4536	915	786	663	4536	8040	983	846	788	8040
job opening	201302	10951	291	273	471	10951	2697	197	195	178	2697	729	68	65	94	729	7290	103	94	191	7290
job opportunity	201302	4244	261	250	472	4244	2835	229	225	332	2835	589	61	60	116	589	1270	73	71	188	1270
job posting	201302	4120	196	176	449	4120	1527	112	104	159	1527	1788	58	52	166	1788	310	44	35	67	310
we are hiring	201302	12088	610	576	875	12088	4686	372	350	474	4686	5613	156	143	231	5613	2671	148	140	255	2671
all	201303	32609	4801	3909	4062	32609	48886	4445	3940	4364	48886	6581	1152	923	875	6581	8402	1219	954	1055	8402
all old	201303	15686	1178	1129	1965	15686	31025	1325	1238	2256	31025	2621	267	251	395	2621	4272	293	280	569	4272
hashtags	201303	18870	3867	3012	2427	18870	19922	3384	2948	2409	19922	4362	948	728	550	4362	4456	974	723	546	4456
job opening	201303	2855	283	281	397	2855	10751	297	279	474	10751	483	58	57	78	483	1093	88	88	160	1093
job opportunity	201303	3999	291	276	570	3999	4300	264	253	492	4300	660	59	57	117	660	1054	73	64	185	1054
job posting	201303	2105	113	104	242	2105	4112	195	175	449	4112	237	29	25	50	237	452	19	17	49	452
we are hiring	201303	6847	514	492	781	6847	12012	611	575	872	12012	1266	124	116	155	1266	1673	118	116	175	1673
all	201304	33363	5234	4089	3822	33363	32609	4801	3909	4062	32609	9717	1489	1142	924	9717	7981	1672	1260	1025	7981
all old	201304	14908	1301	1206	1836	14908	15686	1178	1129	1965	15686	3212	359	337	445	3212	3812	410	377	489	3812
hashtags	201304	20465	4262	3172	2312	20465	18870	3867	3012	2427	18870	7109	1230	896	600	7109	4746	1375	975	602	4746
job opening	201304	3745	325	314	469	3745	2855	283	281	397	2855	762	71	70	70	762	1253	112	107	152	1253
job opportunity	201304	2880	262	248	466	2880	3999	291	276	570	3999	862	77	73	153	862	696	76	73	96	696
job posting	201304	1309	132	122	221	1309	2105	113	104	242	2105	343	41	37	62	343	457	37	35	75	457
we are hiring	201304	6995	608	554	684	6995	6847	514	492	781	6847	1254	174	162	160	1254	1406	193	171	166	1406
all	201305	60526	16117	5320	4455	60526	33940	5454	4228	3919	33940	15491	4799	1416	1154	15491	18980	5211	1385	1248	18980
all old	201305	21422	1650	1495	1856	21422	15250	1344	1245	1891	15250	4056	426	388	502	4056	7106	445	408	474	7106
hashtags	201305	42465	14994	4270	3025	42465	20979	4467	3296	2397	20979	12148	4500	1136	758	12148	12679	4893	1089	880	12679
job opening	201305	3829	379	339	431	3829	3839	331	318	478	3839	832	89	88	126	832	510	78	77	64	510
job opportunity	201305	7407	317	302	380	7407	2918	265	251	473	2918	734	81	79	101	734	3629	99	93	128	3629
job posting	201305	2404	199	175	280	2404	1366	143	132	231	1366	633	42	37	52	633	459	44	36	57	459
we are hiring	201305	7965	781	707	785	7965	7268	635	578	728	7268	1870	221	192	223	1870	2508	228	206	225	2508
all	201306	61745	19489	4916	4896	61745	60526	16117	5320	4455	60526	15966	4978	1171	1181	15966	16187	5102	1298	1450	16187
all old	201306	17108	1515	1421	2006	17108	21422	1650	1495	1856	21422	4298	358	338	448	4298	4768	442	412	617	4768
hashtags	201306	46364	18309	3796	3107	46364	42465	14994	4270	3025	42465	12107	4707	910	785	12107	11949	4764	979	892	11949
job opening	201306	6031	411	397	683	6031	3829	379	339	431	3829	1770	104	101	160	1770	1995	123	121	239	1995
job opportunity	201306	2436	275	260	321	2436	7407	317	302	380	7407	644	57	57	63	644	616	79	71	112	616
job posting	201306	1986	149	141	256	1986	2404	199	175	280	2404	215	29	28	45	215	579	49	46	75	579
we are hiring	201306	6691	700	646	746	6691	7965	781	707	785	7965	1673	170	154	180	1673	1594	196	180	191	1594
all	201307	85099	16108	5149	4573	85099	61979	19471	4920	5005	61979	36586	4073	1374	1596	36586	15410	4157	1332	1186	15410
all old	201307	24865	1693	1557	1831	24865	17416	1529	1431	2049	17416	6080	407	375	542	6080	5709	472	448	489	5709
hashtags	201307	62872	14810	3926	3044	62872	46570	18287	3798	3185	46570	31217	3765	1078	1157	31217	10277	3774	966	764	10277
job opening	201307	5296	396	365	417	5296	6106	410	394	686	6106	775	92	81	136	775	2039	125	120	134	2039
job opportunity	201307	4224	371	362	508	4224	2575	282	267	343	2575	718	82	77	90	718	1305	108	108	147	1305
job posting	201307	7420	141	126	174	7420	1928	149	139	262	1928	2095	37	37	63	2095	254	37	33	30	254
we are hiring	201307	8103	811	731	739	8103	6843	708	653	758	6843	2492	199	184	253	2492	2270	211	196	185	2270
all	201308	80170	11317	5316	8459	80170	85095	15871	5137	4529	85095	19191	2775	1230	2049	19191	20356	2772	1267	1986	20356
all old	201308	32827	1739	1578	3672	32827	25019	1674	1541	1827	25019	8348	431	385	960	8348	8441	383	349	810	8441
hashtags	201308	52006	10009	4099	5408	52006	62494	14588	3925	3000	62494	12369	2443	929	1270	12369	13256	2504	1016	1385	13256
job opening	201308	8393	377	352	889	8393	5264	398	369	429	5264	1190	96	88	155	1190	3520	101	94	214	3520
job opportunity	201308	9330	416	395	1220	9330	4259	368	359	505	4259	2776	107	95	412	2776	1370	76	72	227	1370
job posting	201308	2721	153	141	279	2721	7383	136	123	165	7383	496	39	31	64	496	619	27	27	54	619
we are hiring	201308	12451	823	726	1296	12451	8291	798	718	735	8291	3906	201	184	333	3906	2988	185	163	323	2988
all	201309	78037	10897	5135	8162	78037	80170	11317	5316	8459	80170	22454	2886	1405	2022	22454	23253	2987	1464	2442	23253
all old	201309	39583	1597	1487	3512	39583	32827	1739	1578	3672	32827	12696	394	370	862	12696	12281	506	467	1151	12281
hashtags	201309	41476	9582	3911	5131	41476	52006	10009	4099	5408	52006	10407	2547	1088	1247	10407	11859	2582	1088	1468	11859
job opening	201309	10817	382	358	838	10817	8393	377	352	889	8393	2869	89	86	171	2869	3838	98	94	266	3838
job opportunity	201309	10889	380	351	1054	10889	9330	416	395	1220	9330	4415	94	87	300	4415	3000	138	126	336	3000
job posting	201309	2048	175	155	311	2048	2721	153	141	279	2721	739	44	37	51	739	511	48	45	68	511
we are hiring	201309	16484	707	670	1336	16484	12451	823	726	1296	12451	4820	174	168	347	4820	5240	234	214	485	5240
all	201310	71698	10493	4789	7738	71698	80140	10983	5291	8370	80140	21745	2842	1352	2182	21745	21107	2652	1098	1818	21107
all old	201310	36070	1578	1434	3579	36070	40680	1668	1550	3665	40680	12052	440	394	1070	12052	13208	378	339	874	13208
hashtags	201310	39650	9288	3700	4778	39650	42393	9612	4018	5202	42393	10457	2484	1045	1245	10457	8753	2380	854	1100	8753
job opening	201310	8420	332	299	777	8420	10970	391	366	865	10970	4117	109	104	271	4117	2886	93	80	184	2886
job opportunity	201310	8669	327	308	882	8669	11594	401	369	1109	11594	3626	93	87	268	3626	3189	59	57	182	3189
job posting	201310	1905	153	135	305	1905	2139	182	162	324	2139	687	46	36	84	687	512	42	40	91	512
we are hiring	201310	17174	801	730	1624	17174	16632	743	702	1394	16632	3622	204	180	447	3622	6675	192	170	422	6675
all	201311	68775	10450	4789	7344	68775	71698	10493	4789	7738	71698	19101	2782	1202	1994	19101	14104	2651	1126	1680	14104
all old	201311	36029	1624	1463	3705	36029	36070	1578	1434	3579	36070	10950	416	387	1060	10950	5853	350	323	740	5853
hashtags	201311	36402	9249	3684	4202	36402	39650	9288	3700	4778	39650	9533	2482	917	1114	9533	8929	2391	879	1034	8929
job opening	201311	8190	386	365	964	8190	8420	332	299	777	8420	4552	117	110	355	4552	1314	88	88	186	1314
job opportunity	201311	7135	350	332	990	7135	8669	327	308	882	8669	1770	94	92	245	1770	1141	68	68	202	1141
job posting	201311	2467	145	129	240	2467	1905	153	135	305	1905	847	37	32	64	847	634	30	27	64	634
we are hiring	201311	18542	791	687	1554	18542	17174	801	730	1624	17174	3889	185	170	415	3889	2828	176	153	304	2828
all	201312	61845	9204	4604	7413	61845	67318	10357	4662	7121	67318	14926	2230	1127	1820	14926	18325	2498	1382	2195	18325
all old	201312	29200	1376	1275	3548	29200	34954	1562	1414	3570	34954	7444	331	311	886	7444	8571	416	377	1083	8571
hashtags	201312	36206	8175	3645	4424	36206	35968	9213	3601	4102	35968	8177	1970	885	1088	8177	10661	2178	1090	1258	10661
job opening	201312	9916	365	347	1036	9916	7870	366	347	912	7870	1147	82	74	190	1147	4123	124	119	387	4123
job opportunity	201312	6837	321	296	988	6837	7024	342	325	970	7024	2370	89	79	325	2370	1799	84	79	261	1799
job posting	201312	1656	143	124	297	1656	2494	144	128	243	2494	429	35	34	76	429	333	47	31	82	333
we are hiring	201312	10905	598	559	1242	10905	17871	758	663	1488	17871	3514	137	136	299	3514	2352	173	160	361	2352
all	201401	79823	9299	4974	8626	79823	61679	9170	4604	7402	61679	24920	2730	1472	2669	24920	28420	2936	1636	2956	28420
all old	201401	47497	1692	1553	4519	47497	29190	1375	1273	3549	29190	15823	535	500	1544	15823	16540	538	496	1468	16540
hashtags	201401	36529	7987	3754	4783	36529	36059	8140	3645	4416	36059	10344	2303	1070	1348	10344	13378	2532	1254	1694	13378
job opening	201401	20178	506	459	1494	20178	9913	365	346	1038	9913	7554	175	159	618	7554	7364	176	163	546	7364
job opportunity	201401	8157	381	368	1114	8157	6899	321	296	992	6899	2915	138	134	353	2915	3066	114	111	310	3066
job posting	201401	1822	127	114	220	1822	1584	139	120	288	1584	525	37	37	76	525	867	48	38	79	867
we are hiring	201401	17840	718	654	1707	17840	10908	599	560	1246	10908	4985	207	192	505	4985	5571	207	193	537	5571
all	201402	97725	11051	6214	10497	97725	76210	9000	4748	8224	76210	29650	2938	1604	2714	29650	23960	3154	1602	2661	23960
all old	201402	49204	1984	1861	5012	49204	45693	1606	1469	4340	45693	18035	517	484	1354	18035	11084	496	458	1297	11084
hashtags	201402	53697	9452	4712	6215	53697	34668	7764	3604	4563	34668	13834	2521	1215	1599	13834	13784	2753	1225	1517	13784
job opening	201402	10738	553	508	1473	10738	19724	480	436	1403	19724	2970	127	115	312	2970	3096	157	146	507	3096
job opportunity	201402	14381	460	448	1242	14381	8077	357	340	1120	8077	7658	130	126	423	7658	2123	106	101	269	2123
job posting	201402	3200	189	173	403	3200	1709	122	109	201	1709	811	61	56	105	811	959	58	53	116	959
we are hiring	201402	21442	843	794	1958	21442	16683	683	622	1632	16683	6814	217	205	538	6814	5062	192	176	425	5062
all	201403	88691	12431	5570	11874	88691	95953	10902	6078	10324	95953	21327	2815	1484	3092	21327	28328	4282	1487	3536	28328
all old	201403	45684	2020	1869	5152	45684	48225	1942	1823	4919	48225	12150	546	502	1454	12150	14685	543	512	1498	14685
hashtags	201403	47679	10878	4105	7525	47679	52743	9349	4617	6120	52743	10309	2377	1080	1839	10309	15216	3856	1080	2271	15216
job opening	201403	12361	562	553	1480	12361	10525	552	507	1467	10525	2609	144	141	384	2609	5821	181	178	523	5821
job opportunity	201403	11656	420	400	1279	11656	14344	447	435	1217	14344	3438	136	130	439	3438	2904	93	87	309	2904
job posting	201403	1929	165	146	353	1929	3112	182	166	388	3112	439	40	35	87	439	472	41	35	90	472
we are hiring	201403	20313	955	853	2103	20313	20801	820	775	1911	20801	5888	250	220	556	5888	5596	254	238	589	5596
all	201404	92650	8259	5934	10204	92650	88691	12431	5570	11874	88691	23661	2061	1426	2386	23661	24976	2269	1562	2622	24976
all old	201404	57900	1960	1836	5167	57900	45684	2020	1869	5152	45684	14996	458	435	1225	14996	16660	538	506	1355	16660
hashtags	201404	45995	6768	4533	5938	45995	47679	10878	4105	7525	47679	16189	1734	1116	1484	16189	10006	1872	1185	1494	10006
job opening	201404	17724	565	539	1470	17724	12361	562	553	1480	12361	2302	123	121	274	2302	6499	145	141	330	6499
job opportunity	201404	18864	374	357	1170	18864	11656	420	400	1279	11656	8922	112	107	362	8922	3653	96	92	301	3653
job posting	201404	2911	176	167	479	2911	1929	165	146	353	1929	663	44	44	106	663	733	47	47	129	733
we are hiring	201404	19082	888	821	2113	19082	20313	955	853	2103	20313	3189	195	179	502	3189	5894	258	235	603	5894
all	201405	86130	9440	6508	10962	86130	92558	8339	5977	10132	92558	20567	2339	1582	2585	20567	20755	2318	1569	2766	20755
all old	201405	44905	2116	1946	5306	44905	57696	1959	1833	5121	57696	10936	519	479	1223	10936	12007	548	491	1392	12007
hashtags	201405	48322	8017	5183	7071	48322	46177	6848	4577	5913	46177	11404	2011	1272	1711	11404	11276	1950	1238	1792	11276
job opening	201405	10851	555	515	1515	10851	17870	563	537	1447	17870	3040	133	126	349	3040	2597	131	122	362	2597
job opportunity	201405	11362	512	500	1512	11362	18709	370	352	1149	18709	3241	139	136	398	3241	3124	130	126	416	3124
job posting	201405	3328	182	167	365	3328	2953	181	170	494	2953	467	32	32	62	467	598	38	32	72	598
we are hiring	201405	20341	936	837	1978	20341	18892	890	824	2100	18892	4832	234	205	450	4832	5821	262	225	553	5821
all	201406	106187	10315	7599	11285	106187	86130	9440	6508	10962	86130	27811	2940	2249	3094	27811	37408	2909	2207	3246	37408
all old	201406	62903	2767	2534	5642	62903	44905	2116	1946	5306	44905	15739	790	749	1522	15739	26760	934	859	1753	26760
hashtags	201406	50284	8220	5685	7004	50284	48322	8017	5183	7071	48322	14368	2350	1690	2024	14368	12428	2160	1523	1890	12428
job opening	201406	25207	667	632	1506	25207	10851	555	515	1515	10851	5026	151	149	361	5026	15321	286	265	600	15321
job opportunity	201406	13087	762	720	1650	13087	11362	512	500	1512	11362	4205	215	211	434	4205	5435	267	247	540	5435
job posting	201406	6712	284	257	644	6712	3328	182	167	365	3328	1057	68	62	117	1057	1276	83	73	124	1276
we are hiring	201406	18505	1120	995	1901	18505	20341	936	837	1978	20341	5479	362	336	618	5479	4796	326	302	497	4796
all	201407	111340	9880	7336	11340	111340	108276	10560	7829	11561	108276	24816	2518	1796	2902	24816	28607	2419	1805	2870	28607
all old	201407	67351	2411	2226	5649	67351	64217	2850	2619	5778	64217	13273	555	516	1382	13273	18541	560	518	1428	18541
hashtags	201407	50106	8027	5611	6812	50106	51250	8389	5841	7184	51250	13110	2094	1399	1785	13110	11935	1992	1405	1672	11935
job opening	201407	24839	659	613	1613	24839	25230	678	644	1517	25230	2803	136	125	339	2803	8261	159	150	355	8261
job opportunity	201407	10470	548	526	1431	10470	13329	779	737	1677	13329	2372	130	126	316	2372	3530	122	113	368	3530
job posting	201407	2722	201	175	374	2722	6754	289	262	653	6754	688	44	38	74	688	944	48	42	91	944
we are hiring	201407	29653	1064	972	2274	29653	19436	1167	1043	1982	19436	7478	261	242	661	7478	6061	258	237	649	6061
all	201408	127926	10415	6992	11724	127926	110672	9831	7256	11266	110672	49727	2530	1670	2797	49727	34118	2669	1812	3439	34118
all old	201408	87193	2253	2126	6369	87193	66855	2374	2191	5636	66855	40775	556	533	1593	40775	24987	657	623	2098	24987
hashtags	201408	47979	8774	5429	6709	47979	49839	8009	5561	6727	49839	10336	2130	1283	1525	10336	11721	2171	1335	1749	11721
job opening	201408	51750	687	661	2350	51750	24902	656	610	1622	24902	33579	209	203	696	33579	14545	259	248	1059	14545
job opportunity	201408	13783	494	485	1541	13783	10376	539	516	1429	10376	2360	124	123	371	2360	4815	146	143	434	4815
job posting	201408	2605	167	151	361	2605	2776	201	175	374	2776	731	42	38	105	731	539	42	40	108	539
we are hiring	201408	19182	930	856	2141	19182	29134	1039	950	2254	29134	4117	186	175	425	4117	5133	216	198	505	5133
all	201409	38045	4065	2964	4573	38045	127926	10415	6992	11724	127926	0	0	0	0	0	0	0	0	0	0
all old	201409	19986	935	888	2173	19986	87193	2253	2126	6369	87193	0	0	0	0	0	0	0	0	0	0
hashtags	201409	20885	3405	2328	2870	20885	47979	8774	5429	6709	47979	0	0	0	0	0	0	0	0	0	0
job opening	201409	3184	194	188	375	3184	51750	687	661	2350	51750	0	0	0	0	0	0	0	0	0	0
job opportunity	201409	5549	258	252	621	5549	13783	494	485	1541	13783	0	0	0	0	0	0	0	0	0	0
job posting	201409	960	76	75	163	960	2605	167	151	361	2605	0	0	0	0	0	0	0	0	0	0
we are hiring	201409	10325	421	389	1022	10325	19182	930	856	2141	19182	0	0	0	0	0	0	0	0	0	0
