#Field:candidate	MonthId	NumTweets_Month1	NumDistinctTweets_Month1	NumDistinctUsers_Month1	NumPopularTweets_Month1	NumVerifiedTweets_Month1	NumTweets_Month2	NumDistinctTweets_Month2	NumDistinctUsers_Month2	NumPopularTweets_Month2	NumVerifiedTweets_Month2	NumTweets_Week1	NumDistinctTweets_Week1	NumDistinctUsers_Week1	NumPopularTweets_Week1	NumVerifiedTweets_Week1	NumTweets_Week2	NumDistinctTweets_Week2	NumDistinctUsers_Week2	NumPopularTweets_Week2	NumVerifiedTweets_Week2
all	200703	4	1	1	1	0	0	0	0	0	0	4	1	1	1	0	0	0	0	0	0
all old	200703	4	1	1	1	0	0	0	0	0	0	4	1	1	1	0	0	0	0	0	0
job opening	200703	4	1	1	1	0	0	0	0	0	0	4	1	1	1	0	0	0	0	0	0
all	200805	2	1	1	1	0	0	0	0	0	0	0	0	0	0	0	2	1	1	1	0
all old	200805	2	1	1	1	0	0	0	0	0	0	0	0	0	0	0	2	1	1	1	0
job opportunity	200805	2	1	1	1	0	0	0	0	0	0	0	0	0	0	0	2	1	1	1	0
all	200808	2	1	1	1	0	0	0	0	0	0	2	1	1	1	0	0	0	0	0	0
all old	200808	2	1	1	1	0	0	0	0	0	0	2	1	1	1	0	0	0	0	0	0
job posting	200808	2	1	1	1	0	0	0	0	0	0	2	1	1	1	0	0	0	0	0	0
all	200812	8	2	2	3	6	0	0	0	0	0	0	0	0	0	0	0	0	0	0	0
all old	200812	2	1	1	1	0	0	0	0	0	0	0	0	0	0	0	0	0	0	0	0
hashtags	200812	6	1	1	2	6	0	0	0	0	0	0	0	0	0	0	0	0	0	0	0
job opportunity	200812	2	1	1	1	0	0	0	0	0	0	0	0	0	0	0	0	0	0	0	0
all	200901	15	5	5	6	6	8	2	2	3	6	4	2	2	2	0	0	0	0	0	0
all old	200901	9	4	4	4	0	2	1	1	1	0	4	2	2	2	0	0	0	0	0	0
hashtags	200901	6	1	1	2	6	6	1	1	2	6	0	0	0	0	0	0	0	0	0	0
job opening	200901	3	1	1	1	0	0	0	0	0	0	0	0	0	0	0	0	0	0	0	0
job opportunity	200901	6	3	3	3	0	2	1	1	1	0	4	2	2	2	0	0	0	0	0	0
all	200902	2	1	1	1	0	13	4	4	5	6	0	0	0	0	0	0	0	0	0	0
all old	200902	2	1	1	1	0	7	3	3	3	0	0	0	0	0	0	0	0	0	0	0
job opportunity	200902	2	1	1	1	0	4	2	2	2	0	0	0	0	0	0	0	0	0	0	0
all	200903	33	11	11	15	14	2	1	1	1	0	4	2	2	2	0	2	1	1	1	0
all old	200903	20	7	7	9	6	2	1	1	1	0	2	1	1	1	0	2	1	1	1	0
hashtags	200903	13	4	4	6	8	0	0	0	0	0	2	1	1	1	0	0	0	0	0	0
job opening	200903	8	2	2	4	6	0	0	0	0	0	0	0	0	0	0	0	0	0	0	0
job opportunity	200903	8	4	4	4	0	2	1	1	1	0	2	1	1	1	0	2	1	1	1	0
we are hiring	200903	4	1	1	1	0	0	0	0	0	0	0	0	0	0	0	0	0	0	0	0
all	200904	26	12	12	12	0	33	11	11	15	14	17	8	8	8	0	4	2	2	2	0
all old	200904	20	9	9	9	0	20	7	7	9	6	13	6	6	6	0	2	1	1	1	0
hashtags	200904	6	3	3	3	0	13	4	4	6	8	4	2	2	2	0	2	1	1	1	0
job opportunity	200904	3	1	1	1	0	8	4	4	4	0	3	1	1	1	0	0	0	0	0	0
job posting	200904	15	7	7	7	0	0	0	0	0	0	10	5	5	5	0	0	0	0	0	0
we are hiring	200904	2	1	1	1	0	4	1	1	1	0	0	0	0	0	0	2	1	1	1	0
all	200905	63	26	26	28	8	26	12	12	12	0	18	9	9	9	0	27	9	9	11	8
all old	200905	29	12	12	12	0	20	9	9	9	0	2	1	1	1	0	14	5	5	5	0
hashtags	200905	34	14	14	16	8	6	3	3	3	0	16	8	8	8	0	13	4	4	6	8
job opening	200905	5	2	2	2	0	0	0	0	0	0	0	0	0	0	0	3	1	1	1	0
job opportunity	200905	12	5	5	5	0	3	1	1	1	0	0	0	0	0	0	8	3	3	3	0
job posting	200905	7	3	3	3	0	15	7	7	7	0	0	0	0	0	0	0	0	0	0	0
we are hiring	200905	5	2	2	2	0	2	1	1	1	0	2	1	1	1	0	3	1	1	1	0
all	200906	105	42	42	44	8	63	26	26	28	8	34	14	14	15	4	27	11	11	11	0
all old	200906	24	8	8	8	0	29	12	12	12	0	9	3	3	3	0	0	0	0	0	0
hashtags	200906	81	34	34	36	8	34	14	14	16	8	25	11	11	12	4	27	11	11	11	0
job opening	200906	7	3	3	3	0	5	2	2	2	0	0	0	0	0	0	0	0	0	0	0
job opportunity	200906	11	4	4	4	0	12	5	5	5	0	9	3	3	3	0	0	0	0	0	0
we are hiring	200906	6	1	1	1	0	5	2	2	2	0	0	0	0	0	0	0	0	0	0	0
all	200907	132	44	44	44	6	109	44	44	46	8	23	11	11	11	0	23	10	10	10	0
all old	200907	15	7	7	7	0	24	8	8	8	0	2	1	1	1	0	5	2	2	2	0
hashtags	200907	117	37	37	37	6	85	36	36	38	8	21	10	10	10	0	18	8	8	8	0
job opening	200907	6	3	3	3	0	7	3	3	3	0	0	0	0	0	0	0	0	0	0	0
job opportunity	200907	9	4	4	4	0	11	4	4	4	0	2	1	1	1	0	5	2	2	2	0
all	200908	104	45	45	45	0	128	42	42	42	6	26	11	11	11	0	32	15	15	15	0
all old	200908	30	11	11	11	0	15	7	7	7	0	3	1	1	1	0	8	3	3	3	0
hashtags	200908	72	33	33	33	0	113	35	35	35	6	23	10	10	10	0	24	12	12	12	0
job opening	200908	9	3	3	3	0	6	3	3	3	0	0	0	0	0	0	3	1	1	1	0
job opportunity	200908	16	6	6	6	0	9	4	4	4	0	3	1	1	1	0	5	2	2	2	0
job posting	200908	5	2	2	2	0	0	0	0	0	0	0	0	0	0	0	0	0	0	0	0
we are hiring	200908	2	1	1	1	0	0	0	0	0	0	0	0	0	0	0	0	0	0	0	0
all	200909	62	29	29	29	0	104	45	45	45	0	27	13	13	13	0	11	5	5	5	0
all old	200909	24	10	10	10	0	30	11	11	11	0	5	2	2	2	0	3	1	1	1	0
hashtags	200909	38	19	19	19	0	72	33	33	33	0	22	11	11	11	0	8	4	4	4	0
job opening	200909	7	3	3	3	0	9	3	3	3	0	5	2	2	2	0	3	1	1	1	0
job opportunity	200909	9	4	4	4	0	16	6	6	6	0	0	0	0	0	0	0	0	0	0	0
job posting	200909	3	1	1	1	0	5	2	2	2	0	0	0	0	0	0	0	0	0	0	0
we are hiring	200909	5	2	2	2	0	2	1	1	1	0	0	0	0	0	0	0	0	0	0	0
all	200910	193	37	37	37	0	64	30	30	30	0	24	12	12	12	0	15	7	7	7	0
all old	200910	21	9	9	9	0	24	10	10	10	0	2	1	1	1	0	4	2	2	2	0
hashtags	200910	174	29	29	29	0	40	20	20	20	0	24	12	12	12	0	13	6	6	6	0
job opening	200910	12	5	5	5	0	7	3	3	3	0	2	1	1	1	0	2	1	1	1	0
job opportunity	200910	5	2	2	2	0	9	4	4	4	0	0	0	0	0	0	0	0	0	0	0
job posting	200910	4	2	2	2	0	3	1	1	1	0	0	0	0	0	0	2	1	1	1	0
all	200911	111	47	47	46	0	193	37	37	37	0	38	17	17	17	0	28	12	12	12	0
all old	200911	26	11	11	11	0	21	9	9	9	0	13	6	6	6	0	12	5	5	5	0
hashtags	200911	85	36	36	35	0	174	29	29	29	0	25	11	11	11	0	16	7	7	7	0
job opening	200911	8	3	3	3	0	12	5	5	5	0	3	1	1	1	0	5	2	2	2	0
job opportunity	200911	11	5	5	5	0	5	2	2	2	0	6	3	3	3	0	2	1	1	1	0
job posting	200911	5	2	2	2	0	4	2	2	2	0	2	1	1	1	0	3	1	1	1	0
we are hiring	200911	2	1	1	1	0	0	0	0	0	0	2	1	1	1	0	2	1	1	1	0
all	200912	117	38	38	38	0	113	48	48	47	0	60	12	12	12	0	16	8	8	8	0
all old	200912	8	3	3	3	0	26	11	11	11	0	0	0	0	0	0	0	0	0	0	0
hashtags	200912	109	35	35	35	0	87	37	37	36	0	60	12	12	12	0	16	8	8	8	0
job opportunity	200912	2	1	1	1	0	11	5	5	5	0	0	0	0	0	0	0	0	0	0	0
we are hiring	200912	6	2	2	2	0	2	1	1	1	0	0	0	0	0	0	0	0	0	0	0
all	201001	155	67	62	67	0	115	37	37	37	0	34	15	13	15	0	64	26	23	26	0
all old	201001	33	10	10	10	0	8	3	3	3	0	8	3	3	3	0	23	6	6	6	0
hashtags	201001	122	57	52	57	0	107	34	34	34	0	26	12	10	12	0	41	20	17	20	0
job opening	201001	19	4	4	4	0	0	0	0	0	0	0	0	0	0	0	19	4	4	4	0
job opportunity	201001	3	1	1	1	0	2	1	1	1	0	3	1	1	1	0	0	0	0	0	0
job posting	201001	9	4	4	4	0	0	0	0	0	0	5	2	2	2	0	4	2	2	2	0
we are hiring	201001	2	1	1	1	0	6	2	2	2	0	0	0	0	0	0	0	0	0	0	0
all	201002	128	55	55	56	6	194	69	64	69	0	32	13	13	13	0	20	10	10	10	0
all old	201002	19	8	8	8	0	28	8	8	8	0	3	1	1	1	0	2	1	1	1	0
hashtags	201002	111	48	48	49	6	166	61	56	61	0	29	12	12	12	0	18	9	9	9	0
job opening	201002	2	1	1	1	0	19	4	4	4	0	0	0	0	0	0	0	0	0	0	0
job opportunity	201002	10	4	4	4	0	0	0	0	0	0	0	0	0	0	0	2	1	1	1	0
job posting	201002	5	2	2	2	0	7	3	3	3	0	3	1	1	1	0	0	0	0	0	0
we are hiring	201002	2	1	1	1	0	2	1	1	1	0	0	0	0	0	0	0	0	0	0	0
all	201003	166	65	63	66	6	130	56	56	57	6	28	11	11	11	0	60	20	18	21	6
all old	201003	34	11	11	11	0	21	9	9	9	0	2	1	1	1	0	10	3	3	3	0
hashtags	201003	130	53	51	54	6	111	48	48	49	6	24	9	9	9	0	50	17	15	18	6
job opening	201003	4	2	2	2	0	2	1	1	1	0	0	0	0	0	0	2	1	1	1	0
job opportunity	201003	6	2	2	2	0	10	4	4	4	0	0	0	0	0	0	3	1	1	1	0
job posting	201003	4	2	2	2	0	5	2	2	2	0	2	1	1	1	0	0	0	0	0	0
we are hiring	201003	20	5	5	5	0	4	2	2	2	0	0	0	0	0	0	5	1	1	1	0
all	201004	131	51	51	53	14	166	65	63	66	6	38	16	16	16	0	27	10	10	11	4
all old	201004	8	3	3	3	0	34	11	11	11	0	0	0	0	0	0	0	0	0	0	0
hashtags	201004	125	49	49	51	14	130	53	51	54	6	38	16	16	16	0	27	10	10	11	4
job opening	201004	5	2	2	2	0	4	2	2	2	0	0	0	0	0	0	0	0	0	0	0
we are hiring	201004	3	1	1	1	0	20	5	5	5	0	0	0	0	0	0	0	0	0	0	0
all	201005	161	43	43	46	76	131	51	51	53	14	38	17	17	18	4	26	12	12	12	0
all old	201005	82	6	6	8	72	8	3	3	3	0	4	2	2	2	0	2	1	1	1	0
hashtags	201005	79	37	37	38	4	125	49	49	51	14	34	15	15	16	4	24	11	11	11	0
job opening	201005	2	1	1	1	0	5	2	2	2	0	2	1	1	1	0	2	1	1	1	0
job opportunity	201005	4	2	2	2	0	0	0	0	0	0	2	1	1	1	0	0	0	0	0	0
we are hiring	201005	76	3	3	5	72	3	1	1	1	0	0	0	0	0	0	0	0	0	0	0
all	201006	444	54	54	56	297	161	43	43	46	76	27	9	9	9	0	334	17	17	19	297
all old	201006	328	12	12	14	297	82	6	6	8	72	12	3	3	3	0	308	5	5	7	297
hashtags	201006	121	43	43	43	0	79	37	37	38	4	20	7	7	7	0	26	12	12	12	0
job opening	201006	302	3	3	5	297	2	1	1	1	0	0	0	0	0	0	302	3	3	5	297
job opportunity	201006	15	5	5	5	0	4	2	2	2	0	7	2	2	2	0	4	1	1	1	0
job posting	201006	6	3	3	3	0	0	0	0	0	0	0	0	0	0	0	2	1	1	1	0
we are hiring	201006	5	1	1	1	0	76	3	3	5	72	5	1	1	1	0	0	0	0	0	0
all	201007	295	73	70	74	118	442	53	53	55	297	57	25	24	25	0	150	13	11	14	118
all old	201007	47	17	17	17	0	328	12	12	14	297	13	5	5	5	0	7	3	3	3	0
hashtags	201007	250	57	54	58	118	119	42	42	42	0	44	20	19	20	0	145	11	9	12	118
job opening	201007	21	6	6	6	0	302	3	3	5	297	4	2	2	2	0	2	1	1	1	0
job opportunity	201007	14	6	6	6	0	15	5	5	5	0	3	1	1	1	0	5	2	2	2	0
job posting	201007	7	3	3	3	0	6	3	3	3	0	3	1	1	1	0	0	0	0	0	0
we are hiring	201007	5	2	2	2	0	5	1	1	1	0	3	1	1	1	0	0	0	0	0	0
all	201008	322	61	59	63	84	295	73	70	74	118	80	16	16	16	0	84	19	17	19	0
all old	201008	157	14	14	16	84	47	17	17	17	0	11	5	5	5	0	55	5	5	5	0
hashtags	201008	171	50	48	50	0	250	57	54	58	118	71	12	12	12	0	31	15	13	15	0
job opening	201008	54	5	5	5	0	21	6	6	6	0	2	1	1	1	0	50	3	3	3	0
job opportunity	201008	11	5	5	5	0	14	6	6	6	0	4	2	2	2	0	5	2	2	2	0
job posting	201008	86	2	2	4	84	7	3	3	3	0	2	1	1	1	0	0	0	0	0	0
we are hiring	201008	6	2	2	2	0	5	2	2	2	0	3	1	1	1	0	0	0	0	0	0
all	201009	192	58	58	58	0	322	61	59	63	84	32	14	14	14	0	11	5	5	5	0
all old	201009	37	11	11	11	0	157	14	14	16	84	5	2	2	2	0	0	0	0	0	0
hashtags	201009	155	47	47	47	0	171	50	48	50	0	27	12	12	12	0	11	5	5	5	0
job opening	201009	3	1	1	1	0	54	5	5	5	0	3	1	1	1	0	0	0	0	0	0
job opportunity	201009	9	4	4	4	0	11	5	5	5	0	0	0	0	0	0	0	0	0	0	0
job posting	201009	2	1	1	1	0	86	2	2	4	84	0	0	0	0	0	0	0	0	0	0
we are hiring	201009	23	5	5	5	0	6	2	2	2	0	2	1	1	1	0	0	0	0	0	0
all	201010	230	53	53	59	120	136	52	52	52	0	41	14	14	18	16	34	10	10	11	14
all old	201010	24	8	8	11	8	32	9	9	9	0	8	1	1	4	8	3	1	1	1	0
hashtags	201010	218	48	48	54	120	104	43	43	43	0	41	14	14	18	16	31	9	9	10	14
job opening	201010	10	4	4	4	0	3	1	1	1	0	2	1	1	1	0	3	1	1	1	0
job opportunity	201010	12	3	3	6	8	7	3	3	3	0	8	1	1	4	8	0	0	0	0	0
job posting	201010	2	1	1	1	0	2	1	1	1	0	0	0	0	0	0	0	0	0	0	0
we are hiring	201010	2	1	1	1	0	20	4	4	4	0	0	0	0	0	0	0	0	0	0	0
all	201011	595	63	63	65	417	230	53	53	59	120	469	19	19	21	417	27	8	8	8	0
all old	201011	462	15	15	17	417	24	8	8	11	8	434	7	7	9	417	18	4	4	4	0
hashtags	201011	139	51	51	51	0	218	48	48	54	120	37	13	13	13	0	11	5	5	5	0
job opening	201011	12	5	5	5	0	10	4	4	4	0	0	0	0	0	0	4	2	2	2	0
job opportunity	201011	14	5	5	5	0	12	3	3	6	8	11	4	4	4	0	3	1	1	1	0
job posting	201011	6	2	2	2	0	2	1	1	1	0	4	1	1	1	0	0	0	0	0	0
we are hiring	201011	430	3	3	5	417	2	1	1	1	0	419	2	2	4	417	11	1	1	1	0
all	201012	702	137	132	139	8	597	64	64	66	417	274	64	59	65	4	230	53	49	54	4
all old	201012	441	38	38	38	0	462	15	15	17	417	138	18	18	18	0	131	15	15	15	0
hashtags	201012	279	106	101	108	8	141	52	52	52	0	143	49	44	50	4	108	41	37	42	4
job opening	201012	29	9	9	9	0	12	5	5	5	0	5	2	2	2	0	14	4	4	4	0
job opportunity	201012	19	7	7	7	0	14	5	5	5	0	6	3	3	3	0	5	2	2	2	0
job posting	201012	13	6	6	6	0	6	2	2	2	0	6	3	3	3	0	7	3	3	3	0
we are hiring	201012	380	16	16	16	0	430	3	3	5	417	121	10	10	10	0	105	6	6	6	0
all	201101	1388321	1372032	464505	11204	2041	704	138	133	140	8	520663	514677	153891	4121	956	445897	440472	158838	3772	465
all old	201101	228352	223456	43446	2635	556	441	38	38	38	0	138037	136244	17976	1105	178	58767	57032	14618	861	156
hashtags	201101	1176046	1163850	429476	9072	1516	281	107	102	109	8	388356	383869	139016	3203	782	392174	388241	146932	3061	324
job opening	201101	17389	16197	11725	629	168	29	9	9	9	0	6017	5621	4054	208	51	5748	5381	4108	200	48
job opportunity	201101	13378	12650	9293	436	66	19	7	7	7	0	4635	4352	3250	173	15	4647	4389	3208	144	33
job posting	201101	8483	7954	5955	325	89	13	6	6	6	0	3004	2781	2066	118	82	2882	2706	2065	118	3
we are hiring	201101	189562	187061	16973	1258	230	380	16	16	16	0	124550	123621	8764	612	30	45662	44708	5424	401	69
all	201102	1895045	1866853	659380	15834	7886	1224101	1209298	426071	10241	1634	462530	454706	179158	4256	1700	545710	536874	192032	4725	2912
all old	201102	193360	185379	54336	3532	1305	163246	158726	38586	2390	525	19397	17173	13378	946	240	30078	27706	15568	1032	368
hashtags	201102	1726262	1704536	618211	13146	6830	1075531	1064485	395155	8326	1136	449686	443682	169439	3539	1496	523170	516184	180396	3971	2600
job opening	201102	24176	21787	16337	1008	291	15999	14932	10779	585	150	7118	6332	4709	252	33	7878	7015	5262	351	93
job opportunity	201102	18885	17669	13037	629	254	12315	11635	8541	397	66	5068	4717	3555	180	14	5939	5521	3982	172	181
job posting	201102	12514	11561	8669	465	94	7811	7302	5484	309	85	3226	3008	2339	114	60	3623	3341	2496	150	18
we are hiring	201102	138420	134932	16923	1446	663	127557	125240	14258	1111	221	4224	3312	2947	404	130	12804	11985	4036	365	76
all	201103	402581	392043	168999	4107	4007	1902036	1872857	671908	16177	8458	4119	3380	2706	180	334	14802	13534	9977	358	607
all old	201103	15600	13606	10749	796	207	171960	163828	54190	3556	1317	283	121	120	40	0	727	481	465	69	99
hashtags	201103	392991	384113	161501	3501	3848	1755071	1732461	631210	13486	7402	3890	3302	2631	146	334	14304	13251	9688	306	508
job opening	201103	5281	4815	3661	239	69	24555	22080	16576	1029	291	41	33	32	4	0	179	151	147	19	9
job opportunity	201103	4499	4010	3069	161	52	19250	17993	13295	650	266	119	40	40	13	0	222	144	133	12	33
job posting	201103	2656	2477	1910	83	57	12628	11667	8788	472	94	24	19	19	3	0	150	81	80	9	57
we are hiring	201103	3321	2459	2288	316	26	116152	112648	16156	1421	663	106	35	35	21	0	182	111	107	29	0
all	201104	1267394	1240781	501067	12109	9555	402581	392043	168999	4107	4007	355887	352826	144174	2140	687	354733	346044	144786	3615	3308
all old	201104	50373	44299	34132	2304	1603	15600	13606	10749	796	207	12613	12004	9469	395	83	14809	12355	9816	744	673
hashtags	201104	1236397	1214722	476824	10414	8142	392991	384113	161501	3501	3848	348540	345927	137706	1872	612	345504	338791	137656	3069	2732
job opening	201104	16183	14304	10704	690	725	5281	4815	3661	239	69	4591	4419	3255	126	31	5213	4295	3255	228	467
job opportunity	201104	14542	13642	10857	457	224	4499	4010	3069	161	52	3861	3760	2989	83	9	3754	3481	2898	141	57
job posting	201104	8130	7617	5842	257	135	2656	2477	1910	83	57	1828	1781	1425	32	6	2346	2205	1728	81	27
we are hiring	201104	11741	8928	7022	913	519	3321	2459	2288	316	26	2357	2067	1865	157	34	3589	2459	2046	297	125
all	201105	885279	876434	385238	5142	2445	1287630	1260853	509974	12212	9567	128280	125378	69277	1449	531	220986	218626	100489	1392	697
all old	201105	32357	30063	24617	1007	446	51062	44977	34694	2314	1603	5116	4335	3796	278	73	8228	7668	6438	280	111
hashtags	201105	866225	859317	367565	4376	2062	1256262	1234418	485328	10516	8154	124680	122488	66413	1216	462	215831	213944	95707	1165	610
job opening	201105	11763	11079	8571	265	82	16426	14532	10888	696	725	1663	1380	1196	55	3	2931	2764	2227	70	30
job opportunity	201105	8914	8632	7022	183	60	14759	13876	11050	459	224	1461	1382	1160	51	15	2198	2136	1763	41	3
job posting	201105	5275	5080	4139	122	24	8239	7726	5925	257	135	801	737	651	42	6	1407	1332	1110	38	0
we are hiring	201105	6684	5474	5094	441	280	11877	9051	7137	915	519	1283	866	829	131	49	1759	1503	1413	131	78
all	201106	577385	560638	288933	7609	4260	885279	876434	385238	5142	2445	169182	164714	83544	2294	1106	155643	151071	79024	2004	1249
all old	201106	26538	22108	18098	1354	971	32357	30063	24617	1007	446	10184	8982	6940	436	210	6185	4970	4205	350	429
hashtags	201106	560251	547408	276950	6525	3372	866225	859317	367565	4376	2062	163774	160359	79718	1944	932	151283	147798	76023	1722	844
job opening	201106	10127	8888	6810	270	255	11763	11079	8571	265	82	4744	4480	3212	80	60	1889	1673	1347	66	13
job opportunity	201106	6027	5404	4605	284	87	8914	8632	7022	183	60	1872	1683	1448	92	21	1574	1430	1195	69	57
job posting	201106	4312	4042	3189	143	27	5275	5080	4139	122	24	1671	1571	1123	52	9	963	886	736	37	6
we are hiring	201106	6310	3985	3691	664	605	6684	5474	5094	441	280	1928	1274	1211	215	120	1848	1051	984	181	353
all	201107	1094524	1058782	511891	16753	5031	586255	569122	291260	7754	4461	385011	373230	170212	5821	1347	299149	288859	138745	4830	1290
all old	201107	62500	56328	41791	2360	1248	27530	23042	18703	1363	1020	21922	20241	14470	775	280	17458	15415	11335	635	411
hashtags	201107	1064942	1034405	488623	14930	3966	568854	555681	279114	6663	3528	375284	364915	162226	5222	1098	290916	282444	132374	4343	906
job opening	201107	30399	29244	19883	541	122	10816	9563	7257	276	258	10992	10669	6858	190	36	7965	7642	5139	144	20
job opportunity	201107	11938	10759	9016	576	283	6041	5421	4633	285	88	4133	3757	3148	187	64	3466	3166	2495	163	59
job posting	201107	9910	9288	6365	280	126	4503	4230	3294	144	27	3505	3278	2159	100	45	2847	2634	1833	80	63
we are hiring	201107	10556	7293	6855	975	720	6389	4020	3719	665	650	3354	2594	2405	301	135	3288	2078	1954	251	269
all	201108	1447452	1410374	632673	18393	8395	1121149	1084720	523371	17209	4948	377358	368314	167395	4595	2522	477743	468004	190983	5021	2829
all old	201108	85568	78041	53319	3020	2195	64348	58064	43021	2437	1223	23721	21936	13701	816	342	26372	23945	16488	893	1077
hashtags	201108	1409603	1378981	603298	16044	6354	1090745	1059616	499373	15321	3904	368446	360875	160008	3973	2232	464827	457175	181689	4318	1824
job opening	201108	44670	42605	25333	692	1064	31391	30210	20416	560	128	12814	12439	6388	174	121	13759	12758	7774	214	738
job opportunity	201108	16529	15241	12052	716	147	12336	11116	9324	599	276	4878	4525	3165	200	49	5243	4946	3933	212	52
job posting	201108	11202	10490	7312	324	221	10075	9439	6489	286	126	2677	2481	1867	86	78	3615	3440	2234	100	41
we are hiring	201108	13550	9962	9267	1313	838	10883	7591	7129	1004	693	3326	2445	2323	361	94	3883	2908	2707	375	265
all	201109	1485595	1441221	649551	18255	18576	1447452	1410374	632673	18393	8395	366331	356916	163919	4497	3159	382101	371687	170285	4588	4204
all old	201109	86109	77118	50766	2970	3077	85568	78041	53319	3020	2195	21096	18103	12614	780	1175	21387	18920	13328	731	1126
hashtags	201109	1446863	1410079	621729	16012	15848	1409603	1378981	603298	16044	6354	355253	348503	156771	3877	2064	371701	363318	162966	4055	3234
job opening	201109	42620	40266	22976	686	1285	44670	42605	25333	692	1064	10079	9156	5499	184	651	9811	9399	6007	136	199
job opportunity	201109	17570	16297	11828	657	266	16529	15241	12052	716	147	3691	3378	2746	148	81	4341	3963	3023	177	126
job posting	201109	12058	11324	7855	329	355	11202	10490	7312	324	221	3299	2987	2119	100	216	3376	3063	2163	99	189
we are hiring	201109	14005	9328	8302	1316	1174	13550	9962	9267	1313	838	4091	2621	2291	356	231	3870	2501	2184	321	611
all	201110	1145416	1105453	544972	14456	19425	1477979	1434743	643975	17800	18243	288218	276721	138302	3869	6096	305735	294701	143692	3998	5352
all old	201110	62464	53766	39341	2493	4025	83993	75228	49462	2866	3048	18189	14614	10459	742	2182	15911	13747	10568	736	714
hashtags	201110	1113131	1080782	523096	12523	15680	1439725	1403894	616702	15633	15548	278617	270335	132575	3304	4024	297251	288028	137583	3433	4746
job opening	201110	29363	28113	17982	551	388	41557	39280	22259	645	1274	8300	7970	4740	155	76	7321	6931	4938	201	146
job opportunity	201110	11583	10435	8964	566	228	16927	15706	11532	633	260	3079	2717	2421	181	87	3027	2703	2346	153	48
job posting	201110	8960	8246	6072	267	276	11958	11228	7758	325	358	2575	2196	1673	81	237	2319	2208	1596	71	15
we are hiring	201110	12818	7209	6529	1121	3144	13754	9177	8129	1280	1159	4308	1798	1677	329	1783	3302	1954	1742	312	516
all	201111	1035131	1006778	496313	11937	10387	1145416	1105453	544972	14456	19425	330137	323039	151804	3693	756	264577	259491	127480	2609	867
all old	201111	56116	49187	35546	2311	1956	62464	53766	39341	2493	4025	19536	17391	11569	747	382	13121	11783	8993	525	97
hashtags	201111	1005570	983068	475860	10147	8620	1113131	1080782	523096	12523	15680	319815	314537	145028	3100	410	257299	253326	122054	2186	790
job opening	201111	28216	26664	16736	502	618	29363	28113	17982	551	388	10101	9833	5413	147	16	6334	6049	4204	119	51
job opportunity	201111	10710	9372	8192	561	359	11583	10435	8964	566	228	3740	3101	2647	184	302	2676	2421	2121	121	6
job posting	201111	7878	7152	5174	229	423	8960	8246	6072	267	276	2468	2364	1670	61	18	2090	1992	1414	41	12
we are hiring	201111	9591	6257	5654	1032	556	12818	7209	6529	1121	3144	3261	2121	1892	360	46	2161	1458	1334	246	28
all	201112	1968257	1934760	839336	20740	2572	992126	965232	480891	11288	9549	493218	485291	216880	5305	421	658977	648982	273998	6543	728
all old	201112	100256	91763	61012	3955	498	52073	45535	33556	2200	1709	23286	21335	13701	966	113	32591	30146	19795	1229	163
hashtags	201112	1913129	1886789	803151	17608	2268	964047	942668	461364	9573	8022	480285	474015	208917	4520	356	641600	633605	262084	5587	626
job opening	201112	47539	45666	27155	890	146	25819	24297	15786	483	618	10028	9531	5869	202	34	15352	14795	8584	316	59
job opportunity	201112	21456	19406	15737	1078	195	10202	8886	7770	533	363	4980	4560	3708	246	38	7251	6655	5349	341	62
job posting	201112	14463	13816	8493	400	57	7457	6750	4905	224	396	3552	3408	1853	85	15	4890	4727	2936	119	9
we are hiring	201112	17238	13284	10209	1605	106	8865	5851	5302	973	332	4855	3960	2430	437	26	5188	4051	3072	456	39
all	201201	3317092	3266868	1133539	29309	9172	1973471	1940221	841349	20634	2566	1036380	1016544	339034	9610	6952	793344	779728	319441	8640	1223
all old	201201	630385	615621	124021	6764	3473	99895	91462	60744	3918	496	291723	285591	41631	2258	2665	60072	56454	31015	1711	464
hashtags	201201	2753419	2715952	1044954	23660	6162	1918524	1892384	805337	17530	2272	765577	751205	308796	7715	4462	753214	742626	299411	7267	870
job opening	201201	167657	165289	43593	1291	420	47277	45415	27072	886	143	124323	123287	17528	578	298	18872	18291	11549	324	64
job opportunity	201201	32360	29248	23738	1460	700	21419	19381	15689	1069	196	9869	8995	7235	442	180	9989	8967	7425	475	322
job posting	201201	20652	19653	11939	535	123	14541	13887	8464	400	57	6511	6163	3784	184	81	5975	5746	3610	148	21
we are hiring	201201	414471	406133	45841	3508	2228	17086	13176	10098	1581	106	155354	151448	13733	1072	2114	25466	23671	8705	771	54
all	201202	3137012	3074644	1233185	32758	18252	3238611	3193010	1106062	27962	6780	755773	740947	323803	7996	3925	772010	759450	304543	7075	2919
all old	201202	394085	377456	123192	6453	5291	624531	610663	120306	6468	3119	55289	50962	31202	1653	1284	81774	78134	30277	1529	1090
hashtags	201202	2823769	2775239	1153132	27706	13796	2677945	2644296	1019560	22549	4112	720567	709281	303569	6742	2901	708886	699275	285326	5880	2106
job opening	201202	110361	107178	48897	1198	902	164960	162899	41968	1234	207	21069	19877	12539	321	110	19986	19352	11828	253	226
job opportunity	201202	41952	38764	27733	1627	548	31119	28159	22813	1398	668	9762	8948	7100	418	111	9235	8531	6750	375	154
job posting	201202	23394	22412	14107	572	184	20067	19118	11507	511	111	6241	6006	3784	137	67	6360	6120	3800	146	28
we are hiring	201202	226130	216181	35248	3123	3773	413096	405147	45070	3354	2131	19178	16495	8737	789	1084	48034	45924	8287	789	685
all	201203	3419394	3363607	1298140	29769	19210	3134461	3071412	1235874	32779	18958	984237	971017	315438	7339	4448	1064325	1050137	347579	8032	4289
all old	201203	702171	686135	126487	6330	6291	383364	366559	122521	6437	5443	347880	343647	38225	1808	1641	356967	352414	37923	1999	1679
hashtags	201203	2797594	2755583	1212363	24755	13484	2831124	2782095	1156370	27749	14350	657009	647421	286186	5892	2930	727768	717699	319220	6339	2634
job opening	201203	121799	118880	54672	1215	1295	99678	96493	48169	1189	902	63289	62611	20830	375	206	36821	35711	14738	332	647
job opportunity	201203	38391	34516	27417	1456	1680	41968	38820	27811	1620	535	9529	8051	6669	350	984	9160	8359	6693	384	199
job posting	201203	21056	20030	13261	524	256	23208	22213	14082	578	193	4624	4436	3035	128	39	5190	4916	3290	146	84
we are hiring	201203	523054	514384	44731	3232	3281	226295	216124	35247	3121	3937	270719	268759	18736	978	446	306041	303592	18061	1155	823
all	201204	2919497	2864558	1221003	29179	15550	3419394	3363607	1298140	29769	19210	765610	749015	333884	9379	4235	733897	718519	322428	7799	4112
all old	201204	378365	361318	110069	5703	5802	702171	686135	126487	6330	6291	60384	55796	29358	1833	1298	63230	58650	28336	1550	1686
hashtags	201204	2647206	2606557	1149779	24866	10565	2797594	2755583	1212363	24755	13484	742353	729161	316600	8022	3429	703549	691850	304866	6646	2841
job opening	201204	117364	112895	47617	1197	1711	121799	118880	54672	1215	1295	26294	25292	11640	380	416	23716	22826	10836	328	369
job opportunity	201204	36137	31592	25120	1446	2011	38391	34516	27417	1456	1680	10896	9797	7640	506	377	9308	8321	6526	378	267
job posting	201204	20239	19318	13449	512	216	21056	20030	13261	524	256	5883	5548	3860	184	54	5953	5719	4069	137	51
we are hiring	201204	205552	197967	32460	2608	2425	523054	514384	44731	3232	3281	17157	15156	6321	778	351	24207	21893	7062	719	915
all	201205	3149498	3063701	1298510	39928	19249	2932910	2877163	1236007	30086	15248	709616	683929	303728	11270	5176	795834	769318	301114	11006	5041
all old	201205	304245	280505	113994	7631	5953	350907	334189	110311	5902	5163	77168	70591	28722	2151	1343	50449	43318	27228	2042	881
hashtags	201205	2990301	2923817	1234978	34246	14719	2691306	2649481	1165932	25612	10905	669812	649582	288090	9685	4048	782195	761744	286402	9494	4236
job opening	201205	196713	192041	52303	1555	1896	109400	104918	46497	1213	1702	52375	51283	12985	445	262	24474	23430	11424	394	306
job opportunity	201205	43664	37268	29034	2104	918	36448	32681	25992	1500	1160	9861	8179	6840	590	295	11893	9048	7384	560	240
job posting	201205	20843	19200	13811	724	494	20583	19619	13704	543	219	5276	4846	3681	191	68	5062	4670	3432	192	61
we are hiring	201205	45515	34142	20752	3320	2845	185416	177443	30626	2705	2637	11024	7543	5779	959	760	9844	6805	5493	926	461
all	201206	2605215	2551785	1201878	28025	13552	3149498	3063701	1298510	39928	19249	630859	618694	295713	6592	3097	677770	665740	320439	6657	2875
all old	201206	147378	133231	94791	5253	3179	304245	280505	113994	7631	5953	36291	32931	23487	1243	1064	36506	33108	23965	1267	470
hashtags	201206	2573852	2531732	1152500	24023	11573	2990301	2923817	1234978	34246	14719	624145	614395	283444	5685	2564	669933	660720	307633	5710	2561
job opening	201206	66901	63843	40118	1098	931	196713	192041	52303	1555	1896	17094	16186	10381	306	551	15775	15198	9851	247	117
job opportunity	201206	34783	31399	25393	1428	510	43664	37268	29034	2104	918	8043	7514	5980	318	76	9761	8652	7053	361	134
job posting	201206	18068	16951	11919	471	268	20843	19200	13811	724	494	4651	4269	2892	94	65	4629	4404	3025	112	75
we are hiring	201206	32149	25514	20015	2328	1446	45515	34142	20752	3320	2845	7729	6270	4976	537	312	7498	5961	4821	565	151
all	201207	2598124	2547062	1228306	26029	13697	2535237	2485240	1175194	26585	12700	709742	696363	337472	6608	3248	691897	677394	326336	7191	4261
all old	201207	143100	130104	93408	5051	3820	141395	128245	91558	4949	2893	37674	34522	25226	1357	826	42002	37708	26744	1465	1486
hashtags	201207	2561172	2520764	1178384	22170	10707	2505973	2466440	1127480	22822	10962	698591	687756	323335	5566	2653	679774	668878	312033	6058	3090
job opening	201207	64316	61433	39508	1030	1321	64183	61275	38848	1039	869	15937	15337	10334	241	225	19518	18219	11308	323	790
job opportunity	201207	35187	30324	24936	1305	528	33600	30354	24589	1363	478	11004	8470	6928	357	98	9347	8290	6976	373	202
job posting	201207	19351	18008	12776	531	626	17554	16514	11523	440	262	5559	5128	3590	169	202	5802	5514	3871	149	58
we are hiring	201207	29700	23794	19271	2275	1365	30445	24426	19249	2174	1240	7827	6297	5135	616	345	8463	6732	5512	654	447
all	201208	3494927	3423779	1570307	39076	22189	2673470	2621465	1259942	26428	14125	907939	887946	405025	11272	6017	908695	890460	404976	10770	4703
all old	201208	191463	170520	111647	7470	8610	148276	135146	96660	5136	3975	50469	44556	29027	2081	2722	48349	43630	28091	2005	1419
hashtags	201208	3408484	3354538	1510650	33499	14850	2633628	2592367	1208222	22503	11019	882583	867342	389447	9721	3781	885443	870873	389710	9329	3625
job opening	201208	83817	78577	46307	1653	2990	66431	63529	40749	1055	1352	20194	19244	11567	401	495	20467	19712	11307	404	200
job opportunity	201208	42429	38656	29278	1868	852	36596	31652	25834	1319	610	11462	10570	7947	515	180	10615	9606	7382	502	213
job posting	201208	29053	27078	15855	788	1046	20019	18665	13179	539	629	8468	7970	4232	233	228	8097	7653	4323	191	225
we are hiring	201208	38524	28395	23110	3216	3800	30839	24908	20065	2316	1401	10865	7214	6036	957	1867	9591	7041	5749	923	809
all	201209	3270732	3184911	1468767	44611	23301	3494927	3423779	1570307	39076	22189	911743	889885	424790	12466	6355	782938	759689	347190	11609	6130
all old	201209	180478	159324	101471	7471	7128	191463	170520	111647	7470	8610	48226	43001	26954	1968	1782	44219	38967	24972	1871	2220
hashtags	201209	3212141	3142003	1418330	39364	17315	3408484	3354538	1510650	33499	14850	899297	881508	411885	11109	4966	770172	751210	335048	10312	4127
job opening	201209	73015	67632	41060	1544	1764	83817	78577	46307	1653	2990	18784	18006	10808	403	161	17322	16002	9867	386	770
job opportunity	201209	40894	36249	27569	1998	1318	42429	38656	29278	1868	852	10603	9398	7150	502	438	10119	8793	6756	519	495
job posting	201209	34236	32260	14234	779	915	29053	27078	15855	788	1046	9513	8950	3757	230	276	8833	8274	3606	201	289
we are hiring	201209	37297	27683	22142	3235	3459	38524	28395	23110	3216	3800	10806	8063	6195	849	899	9282	7154	5619	798	738
all	201210	3556665	3459599	1558677	51134	26353	3281655	3194811	1473218	45231	23432	889755	865740	388412	11346	7300	917480	887819	391634	13694	7865
all old	201210	197823	174414	113686	8087	9199	180846	159604	102002	7573	7007	54417	48125	31702	1875	3527	49950	42490	27813	2154	3048
hashtags	201210	3497161	3419257	1503434	45488	18325	3224113	3152981	1422519	39924	17547	872127	853463	372046	10008	4028	898823	875713	378476	12130	5084
job opening	201210	77866	72259	44904	1533	2260	72983	67576	41233	1561	1736	20919	19809	11735	333	679	21283	17931	11706	468	1546
job opportunity	201210	43189	38349	30979	2093	1831	41039	36356	27731	2025	1317	12297	11171	9166	504	411	10520	9168	7362	531	645
job posting	201210	38002	35650	15788	796	1462	34297	32267	14237	799	945	10005	9270	4330	149	577	9217	8689	3734	202	311
we are hiring	201210	45226	33525	26104	3795	4642	37600	28009	22358	3278	3357	12279	8943	7423	899	1877	11180	8080	6178	1003	1358
all	201211	3137658	3045396	1394880	48422	25797	3556665	3459599	1558677	51134	26353	776423	757142	348127	10960	4446	841677	818367	366383	12930	5500
all old	201211	181679	161667	111276	7888	6234	197823	174414	113686	8087	9199	39837	35713	24509	1686	1093	48600	42887	29937	2276	2031
hashtags	201211	3073733	2997546	1335672	42931	20440	3497161	3419257	1503434	45488	18325	761643	745488	335249	9833	3587	824811	806105	350174	11325	3794
job opening	201211	66153	62645	41136	1491	1165	77866	72259	44904	1533	2260	14213	13509	9050	295	179	17501	16368	10951	432	544
job opportunity	201211	44701	40383	32693	2123	1060	43189	38349	30979	2093	1831	10293	9257	7372	502	203	12017	10784	8687	610	285
job posting	201211	34147	32301	15769	810	893	38002	35650	15788	796	1462	7642	7296	3503	155	185	8942	8437	4326	214	311
we are hiring	201211	40377	29883	25035	3531	3154	45226	33525	26104	3795	4642	8652	6563	5435	749	526	11149	8285	6934	1034	906
all	201212	2764654	2677266	1202634	50675	21387	3093307	3002814	1375691	47671	25299	706146	689375	311106	9544	3858	749946	724603	326100	14839	5869
all old	201212	170434	150298	101902	7732	6595	177085	157702	108265	7610	6078	39997	35748	23467	1652	1376	47606	41334	28816	2198	2472
hashtags	201212	2708666	2636850	1148528	45429	16366	3030162	2955244	1317882	42369	20082	694673	681296	299034	8356	2824	734130	713885	310835	13326	3744
job opening	201212	61865	58214	37423	1598	1127	64385	60913	39954	1450	1186	14784	14255	8681	285	145	16721	15698	10700	432	405
job opportunity	201212	40715	36628	29745	2047	793	43460	39266	31770	2051	1041	9413	8609	6929	423	123	11704	10415	8445	580	315
job posting	201212	33554	31564	15291	890	822	33762	31957	15551	786	875	7936	7455	3442	192	136	9347	8663	4311	304	351
we are hiring	201212	37651	26927	22580	3333	3972	39101	29036	24295	3387	3014	8753	6223	5234	801	1009	10828	7402	6227	932	1480
all	201301	2836503	2750462	1229882	37667	19214	2756398	2670052	1198957	49838	21245	830466	806399	354277	12365	5921	825995	792056	358318	12003	6294
all old	201301	179322	155729	105151	8237	8655	169757	149621	101403	7694	6555	53883	46676	31631	2679	2356	55591	47620	33093	2746	3209
hashtags	201301	2779599	2710229	1172518	31575	12130	2701273	2630524	1145254	44619	16260	811068	792798	337108	10390	4122	808743	778926	339836	9952	3472
job opening	201301	62323	57814	37608	1399	2276	61836	58165	37366	1579	1075	17629	16296	10849	445	673	19272	17856	11681	438	771
job opportunity	201301	68110	39562	31721	2304	1385	40541	36468	29655	2043	793	13290	11941	9351	717	301	37512	12464	10116	744	366
job posting	201301	35563	33342	14993	797	1178	33259	31270	15113	888	828	11180	10613	4825	264	204	10400	9276	4577	273	806
we are hiring	201301	40471	28107	24078	3835	4136	37483	26764	22431	3322	3978	13006	8814	7514	1286	1342	12965	8945	7669	1314	1339
all	201302	3150374	3005271	1338210	65865	35087	2736713	2656593	1191615	34808	17477	810768	767206	351306	20851	6198	817649	765386	344909	19282	16249
all old	201302	222479	182328	126056	11558	18889	168627	147171	98763	7483	8119	54954	46365	33899	3331	2407	60663	45671	31644	3196	9450
hashtags	201302	3065530	2954806	1271803	57585	17578	2683819	2618616	1137611	29264	10776	791685	755101	334614	18509	4176	791042	752218	328029	17061	7110
job opening	201302	77937	65066	43128	2113	8769	58967	54845	35460	1290	2065	17335	15435	10602	548	359	24808	16984	11668	677	6629
job opportunity	201302	53740	46698	36560	2916	2249	65296	37157	29833	2092	1315	13330	11677	9112	868	263	13807	11900	9292	848	591
job posting	201302	39024	35843	16818	1175	1349	34241	32144	14377	745	1168	9074	8062	4517	365	597	9319	8666	3832	313	237
we are hiring	201302	57875	39059	33509	5539	8208	36872	25896	22209	3443	3767	17575	12282	10758	1604	2384	13964	9220	7887	1407	2140
all	201303	3073357	2917274	1425760	83153	24715	3136480	2990106	1335483	67101	35164	724741	688894	343191	20413	5345	754162	716059	354626	21184	6470
all old	201303	260709	220744	167144	12426	9229	222932	182955	126789	11626	18725	61510	52757	38246	2890	1618	65043	56085	43311	2908	2845
hashtags	201303	2988481	2865301	1360714	74971	17283	3052579	2940338	1269942	58817	17848	705590	676820	328016	18555	4097	733406	702625	338503	19339	3946
job opening	201303	68085	62939	39759	2089	1440	77446	64802	42833	2137	8565	17236	16412	9489	451	229	16721	15100	9925	566	545
job opportunity	201303	61143	45527	36497	3525	1808	53536	46407	36308	2928	2324	13410	10845	8583	835	241	12397	10663	8573	760	466
job posting	201303	30872	26974	14616	1251	1094	38487	35282	16549	1195	1353	8511	6660	3463	323	163	8642	6807	3641	250	382
we are hiring	201303	104479	88623	80393	5785	5251	59497	40775	35077	5548	8148	23245	19594	17710	1344	1036	28163	24307	22199	1368	1460
all	201304	2932374	2793222	1340148	77917	26900	3073357	2917274	1425760	83153	24715	869437	833176	388797	21422	8433	883337	850226	394344	21225	6116
all old	201304	210542	181054	126007	10843	9869	260709	220744	167144	12426	9229	63900	56647	38567	3017	2323	63582	55851	39619	2892	2358
hashtags	201304	2852631	2736330	1270362	70827	18951	2988481	2865301	1360714	74971	17283	846355	815449	367575	19489	6652	859600	832492	371833	19328	4333
job opening	201304	70118	65312	41473	1813	1979	68085	62939	39759	2089	1440	22264	20826	12304	487	694	21086	19853	13002	458	560
job opportunity	201304	54590	47092	37361	3041	1273	61143	45527	36497	3525	1808	16088	14495	11386	827	310	17277	14819	11570	840	387
job posting	201304	29578	27415	14973	1061	891	30872	26974	14616	1251	1094	9004	8380	4562	324	269	9022	8489	4874	272	217
we are hiring	201304	59847	44343	36211	5090	5950	104479	88623	80393	5785	5251	17512	13815	11484	1412	1052	17192	13663	11373	1346	1185
all	201305	3193555	3042016	1445859	81688	51818	2992306	2851402	1365147	79532	27434	786660	750968	372799	20153	13176	771144	727463	354654	20516	16408
all old	201305	247257	213866	143848	11742	14357	216179	186086	129439	11196	10225	64940	57365	37351	3075	2434	62443	53222	36453	3003	4520
hashtags	201305	3095694	2970120	1365441	74001	40392	2910116	2792266	1293592	72195	19417	760931	731019	351866	18097	11459	746035	710047	334066	18569	12241
job opening	201305	77949	73758	44051	1807	1791	72268	67285	42583	1874	2098	20793	19919	11676	450	322	18452	17588	10683	442	281
job opportunity	201305	62348	52935	41880	3050	4502	55394	48019	38157	3103	1288	16414	14384	10991	807	348	15504	12844	10237	732	1635
job posting	201305	33689	31122	16584	1230	1141	30157	27913	15356	1093	948	8328	7657	3893	321	277	8513	7899	4043	307	236
we are hiring	201305	76299	58633	44907	5835	7180	62172	46070	37439	5306	6223	19755	15783	11645	1543	1398	20398	15291	11950	1565	2380
all	201306	2712468	2572555	1310267	73559	53175	3193555	3042016	1445859	81688	51818	600052	562080	279293	20041	13751	686466	650864	343210	19247	13710
all old	201306	235653	204834	133270	11716	10262	247257	213866	143848	11742	14357	54697	47449	31326	3013	2405	59122	50585	33427	3231	2864
hashtags	201306	2614857	2499301	1235804	65830	44520	3095694	2970120	1365441	74001	40392	575190	543020	262187	18090	11484	660480	631440	324290	17228	11469
job opening	201306	81658	76100	42607	2085	2142	77949	73758	44051	1807	1791	21766	20594	10354	570	353	21770	19960	10917	547	730
job opportunity	201306	55452	48844	37832	3001	1248	62348	52935	41880	3050	4502	13154	11464	9119	842	457	13814	12155	9648	836	252
job posting	201306	29483	26809	14893	1353	807	33689	31122	16584	1230	1141	5798	5238	3280	318	106	7790	6936	3849	470	243
we are hiring	201306	70335	54300	41312	5389	5906	76299	58633	44907	5835	7180	14333	10390	9334	1302	1566	16083	11942	9840	1400	1436
all	201307	2434270	2283071	1078206	81326	53830	2700290	2559100	1306261	74361	53180	638394	589146	282137	26263	16504	626428	585491	273316	23256	12239
all old	201307	237188	202783	135140	13389	12353	236559	205569	133728	11813	10349	61589	51778	36074	4287	2827	62983	53135	36509	3878	3086
hashtags	201307	2325969	2200120	1005665	73020	44500	2601964	2485024	1231684	66587	44700	607888	565944	262359	23591	14288	596014	562582	253330	20861	9764
job opening	201307	88603	83631	44226	2317	1952	82917	77301	42864	2115	2147	20990	19427	12020	835	489	23470	21877	12336	734	557
job opportunity	201307	55940	48661	38094	3391	1853	55796	49012	38076	3062	1382	15415	13358	10120	1092	292	14932	12812	10272	922	454
job posting	201307	27120	23557	13957	2058	970	29191	26589	14815	1348	766	7836	7073	4041	494	157	7003	6108	3523	669	117
we are hiring	201307	68526	50513	42972	5864	6574	70035	53897	41330	5418	5952	18493	12943	10924	1940	1840	18358	13011	11334	1627	1896
all	201308	2880098	2547794	1206055	188220	62386	2428906	2275395	1070928	82238	53798	758143	668967	317454	50377	15388	746062	662582	314935	48598	15230
all old	201308	290205	223774	140729	24022	17574	237983	202811	135244	13592	12492	74982	56008	34800	6277	4906	73269	57371	34720	5892	3800
hashtags	201308	2740138	2458714	1129202	173077	49034	2319304	2191988	998104	73804	44142	721402	647001	298423	46497	11788	712433	641046	295970	44911	12526
job opening	201308	103453	92925	44980	4619	2847	88316	83277	44287	2392	1955	25962	23269	10781	1179	829	28285	25632	11201	1186	675
job opportunity	201308	68827	54095	39958	6293	3329	56119	48868	38086	3420	1657	17113	13188	9886	1619	558	16616	13031	9690	1550	520
job posting	201308	34500	29221	15591	2661	1060	27342	23760	14033	2063	933	8926	7386	3887	864	253	8257	6912	3723	599	357
we are hiring	201308	88449	51499	45065	11035	10330	69114	50451	42958	5942	6886	24670	13282	11553	2923	3394	21373	12834	11317	2654	2327
all	201309	3009128	2635083	1223072	227600	60019	2880098	2547794	1206055	188220	62386	816624	710901	331389	65037	15580	831519	723053	330293	68294	17573
all old	201309	277303	203442	133677	28295	23578	290205	223774	140729	24022	17574	78224	57091	36363	8433	6043	82732	59724	37149	9217	7659
hashtags	201309	2872714	2555561	1148094	210006	39100	2740138	2458714	1129202	173077	49034	777769	689303	310322	59263	9863	793319	702344	309390	62397	11057
job opening	201309	94834	80889	42781	5249	6164	103453	92925	44980	4619	2847	27258	24150	12331	1578	502	30911	26267	12397	1531	2475
job opportunity	201309	60654	46939	35038	5799	3204	68827	54095	39958	6293	3329	15172	11701	8720	1419	879	16433	12713	9270	1666	809
job posting	201309	35661	27041	14723	5561	1045	34500	29221	15591	2661	1060	11691	7859	4183	2505	227	10271	7291	4058	2007	425
we are hiring	201309	91452	51825	45037	12754	13741	88449	51499	45065	11035	10330	24938	14042	12064	3147	4280	26622	14329	12411	4295	4189
all	201310	3183518	2817735	1283126	222851	56668	3050611	2671157	1238770	232324	61370	810074	741077	332899	40210	14328	805191	714545	326977	54848	15506
all old	201310	285914	210103	140081	29456	22451	283441	207885	136713	29188	23858	78994	60507	38616	6563	5238	78974	54723	36922	7593	8295
hashtags	201310	3044700	2738505	1205171	202736	38376	2910876	2589963	1161960	214007	39942	772902	718952	311954	35459	10168	764868	693547	306939	49878	8510
job opening	201310	94490	81302	45509	5103	4037	97276	83069	44019	5430	6227	27906	23631	11858	987	897	23099	19060	11130	1128	774
job opportunity	201310	62516	48045	35543	5318	4356	61852	47796	35744	5961	3359	19034	14924	10827	1252	1840	19572	14423	10584	1329	1798
job posting	201310	44085	31955	18878	8340	1069	36593	27581	15029	5814	1096	11885	9241	5637	1707	551	12137	8686	5094	2312	389
we are hiring	201310	87934	50185	43934	11113	14521	92959	52576	45775	13040	13851	21957	13183	11381	2709	3096	25078	12929	11064	2916	6234
all	201311	3164513	2896192	1267946	153428	59181	3183518	2817735	1283126	222851	56668	804501	735273	324945	40449	15796	773722	708651	308865	36640	12217
all old	201311	358330	289101	190809	23548	27501	285914	210103	140081	29456	22451	100395	82627	53630	5954	7922	96183	80601	51827	5866	4333
hashtags	201311	3022985	2811476	1192276	136593	35488	3044700	2738505	1205171	202736	38376	767573	712517	305218	36312	9259	740315	687724	290702	32555	8624
job opening	201311	112280	100967	63777	3817	5712	94490	81302	45509	5103	4037	30757	25730	17944	1029	3531	26577	24275	17000	972	823
job opportunity	201311	105273	92780	74586	5374	3154	62516	48045	35543	5318	4356	29849	26955	21974	1330	738	30203	27202	22532	1389	350
job posting	201311	54410	47174	15565	4535	1763	44085	31955	18878	8340	1069	19599	17662	4291	1206	458	19323	17330	3658	1166	598
we are hiring	201311	88969	49807	43440	10177	17188	87934	50185	43934	11113	14521	20887	12716	11248	2465	3342	20680	12182	10613	2446	2597
all	201312	3082489	2808664	1310093	145621	50683	3125113	2860713	1252907	151148	57959	776123	703286	323638	33981	12415	865053	787289	387721	40280	15081
all old	201312	344193	282046	200450	20863	19682	354654	286854	189961	22988	26595	81481	66138	48439	4555	5648	92292	75763	55711	5929	5534
hashtags	201312	2955864	2732322	1240300	130967	34743	2986287	2777471	1178812	134793	35092	745620	685611	307469	30758	7491	829617	765305	367666	35962	10369
job opening	201312	116048	100257	69641	3782	5908	109811	98835	63237	3689	5505	29141	25031	17340	929	782	32621	28195	19864	1118	2650
job opportunity	201312	117947	106172	86763	4806	2471	105940	93648	75448	5289	3104	29086	26233	21490	1059	1021	32243	28931	23704	1354	548
job posting	201312	41189	34719	14419	3918	1286	54158	47017	15283	4439	1784	6515	5396	3068	609	377	8580	6970	3726	1078	267
we are hiring	201312	71245	42288	36984	8658	10356	87343	48949	42598	9920	16524	17160	9829	8434	2005	3489	19552	12046	10403	2458	2236
all	201401	3035634	2713363	1243723	162198	57032	3079962	2807470	1310194	144994	50535	760628	675059	305568	45733	17355	851585	751789	340320	48324	20208
all old	201401	348746	270673	192190	25883	26212	342529	281184	200101	20674	19695	87330	63244	45516	7779	8463	101830	76364	52351	8036	8881
hashtags	201401	2883365	2625595	1165407	142828	34723	2954550	2731582	1240862	130485	34598	714479	649161	284037	39839	9923	804574	725971	317142	42273	12454
job opening	201401	112680	99272	67181	4258	6222	115980	100209	69649	3792	5868	27800	23569	15345	1241	2245	32031	27749	18131	1299	2257
job opportunity	201401	109147	93726	76912	5696	4304	117808	106091	86761	4765	2564	23442	18629	15207	1610	1486	29750	23772	19512	1807	2052
job posting	201401	38968	31623	13072	4471	1411	40577	34224	14289	3855	1220	9224	7103	3810	1345	378	13702	11079	3801	1291	756
we are hiring	201401	90881	47688	41479	11805	14931	70334	41998	36752	8555	10365	28038	14484	12396	3722	4699	27459	14189	12416	3737	4360
all	201402	3345276	2971961	1244893	193897	75586	3006423	2694051	1235732	157415	54092	916754	815298	320313	50833	20110	870090	775224	327300	49857	18378
all old	201402	358349	260304	183507	31336	32173	342809	269014	190792	24597	24954	99421	70768	47047	8055	9950	91608	67798	47854	8050	7376
hashtags	201402	3162493	2867839	1159956	170884	49729	2861280	2609653	1160057	139093	32967	869065	789682	299479	45078	13312	824471	748660	305523	43980	12114
job opening	201402	106398	92279	60534	5100	5112	111998	98877	67056	4132	6148	26745	23136	15184	1236	1396	29054	24571	16222	1376	1523
job opportunity	201402	98390	77388	62833	7098	6175	109940	95060	77994	5443	4285	26951	19942	16114	1945	2575	24740	19858	16399	1959	1212
job posting	201402	46009	35994	15525	5067	2307	37926	30926	12621	4260	1382	16772	13529	4117	1197	601	12015	9688	3921	1317	584
we are hiring	201402	111822	56641	49260	14594	19536	85660	45654	39679	11081	13821	29965	14547	12722	3793	5892	27346	14193	12550	3562	4427
all	201403	3901732	3488966	1412992	212065	69411	3319754	2952072	1231726	191609	74030	1050148	935978	385043	55194	15793	1064298	961700	385750	56924	21551
all old	201403	395402	301034	205859	30910	27684	352444	256771	180464	30654	31387	109844	85243	57078	8387	7220	110592	84898	56997	8275	8061
hashtags	201403	3736164	3399525	1326404	190255	46555	3141506	2850319	1148851	169253	48798	1010729	916315	361165	49114	9996	1021432	940048	361854	50976	14971
job opening	201403	110418	96070	61174	4984	5148	103768	90064	59124	5031	4871	30564	26988	17093	1285	1343	33102	27990	17501	1346	1996
job opportunity	201403	122713	100283	86512	7417	4649	97615	76911	62419	7010	6229	33013	28175	24467	1870	1163	32198	27523	24066	1851	1174
job posting	201403	61318	53358	15637	4863	1374	46051	36300	15183	4912	2258	18432	16238	4087	1431	321	18269	15859	4208	1386	263
we are hiring	201403	105753	53440	47365	14159	18047	109130	55445	48285	14186	18959	29247	14567	12820	3980	4666	28375	14179	12540	3851	5003
all	201404	4287455	3888927	1542639	219469	69009	3901732	3488966	1412992	212065	69411	1102233	1001642	388393	52210	20575	1151658	1051126	407995	58071	16488
all old	201404	408231	304021	223760	34466	36834	395402	301034	205859	30910	27684	104109	73838	55670	8442	12252	106285	78838	58895	9409	9497
hashtags	201404	4131866	3810135	1448246	195625	43778	3736164	3399525	1326404	190255	46555	1065296	983719	365676	46554	15948	1109498	1030063	382697	51537	9456
job opening	201404	121660	105941	68117	5734	6781	110418	96070	61174	4984	5148	29254	25317	16522	1404	1703	32085	28119	17944	1557	1528
job opportunity	201404	139490	110752	95893	8866	12811	122713	100283	86512	7417	4649	39667	28009	24281	2360	7589	35595	28977	24985	2395	2269
job posting	201404	41964	33375	15892	5255	1687	61318	53358	15637	4863	1374	9451	7289	4183	1217	462	9730	7426	4204	1402	478
we are hiring	201404	108292	55838	48789	15068	16070	105753	53440	47365	14159	18047	26703	13709	11930	3576	2819	29076	14801	13015	4172	4587
all	201405	4456722	4022641	1525575	243438	69592	4304696	3909943	1545944	219710	69705	1168027	1058082	380519	62323	17152	1099903	984872	380948	63623	17420
all old	201405	401397	304897	221580	31280	31820	407392	302589	223507	34542	37400	105886	82548	55092	7658	8231	95817	72129	54796	7760	9373
hashtags	201405	4305667	3944698	1433277	222838	45533	4148630	3831140	1451700	195842	44004	1132285	1040027	358869	57454	10969	1064068	966944	358892	58566	10792
job opening	201405	121412	103128	66212	5215	6576	121443	105450	68033	5778	6932	28103	24063	15670	1235	1830	28310	24606	16004	1312	1790
job opportunity	201405	133497	112000	96736	9370	6038	139427	110805	95932	8873	12717	34308	28570	24624	2362	1964	33636	28333	24522	2353	1591
job posting	201405	33511	27041	15650	2323	2564	41098	32462	15867	5238	1723	7867	6515	3879	526	428	7573	6283	3634	529	473
we are hiring	201405	117026	64686	47900	14914	17724	108565	55716	48609	15095	16529	37028	23927	12249	3708	4759	27187	13324	11878	3693	5712
all	201406	4954097	4509952	1589818	263761	75701	4456722	4022641	1525575	243438	69592	1461124	1337037	437217	75808	19232	1290619	1163466	425203	73241	24190
all old	201406	404068	310451	225304	31435	35048	401397	304897	221580	31280	31820	104949	80510	59799	8513	8931	112817	83391	61112	8824	13186
hashtags	201406	4807328	4436708	1498417	243807	46853	4305667	3944698	1433277	222838	45533	1425896	1319666	413057	70580	12862	1243850	1141746	399818	67647	11582
job opening	201406	118573	101095	66299	5517	9069	121412	103128	66212	5215	6576	30706	27109	17552	1555	1295	36688	28247	18837	1729	5873
job opportunity	201406	134099	111930	96618	9058	7842	133497	112000	96736	9370	6038	36123	29598	25636	2456	2580	36644	29658	25626	2428	3267
job posting	201406	34567	26181	16804	2636	3330	33511	27041	15650	2323	2564	8465	6789	4308	653	666	8822	6457	4169	707	865
we are hiring	201406	120178	73195	50943	14608	15323	117026	64686	47900	14914	17724	30379	17532	13739	3970	4362	32158	19613	13920	4114	3697
all	201407	5884739	5390705	1734579	271297	87792	5047905	4593237	1612255	268647	78032	1603161	1481104	459035	67143	20080	1577911	1447129	457244	72513	23534
all old	201407	485341	368435	248144	34276	46207	412778	316052	229054	32282	36484	132767	105237	66543	8851	9946	150065	110926	70555	10488	13908
hashtags	201407	5716408	5317398	1634745	249052	47177	4896969	4518541	1518707	248112	47771	1564526	1463769	433951	61408	11689	1522241	1424530	428052	65461	11409
job opening	201407	129519	107687	67181	6149	12438	121224	103383	67608	5683	9090	32572	27880	17384	1553	1899	37546	28885	17810	1679	6280
job opportunity	201407	132477	113175	98738	7979	5615	135891	112898	97462	9213	8273	34055	29062	25531	2089	950	34714	29266	25781	1968	2027
job posting	201407	35040	28340	17164	2354	2397	35158	26678	17102	2700	3372	10160	7910	4695	655	666	9708	7902	4585	640	817
we are hiring	201407	193331	121215	70525	18336	26942	123930	75070	52311	15065	16158	57730	40938	20405	4713	6629	69580	45391	23774	6376	5397
all	201408	6786618	6322776	1874029	253745	79625	5888793	5399147	1733449	269054	87072	1941946	1830500	529876	62275	20634	1920128	1800652	489913	68391	21054
all old	201408	703566	597235	358500	35608	38993	486269	370366	248585	34074	45580	242104	214083	126860	9146	9621	220154	189987	107049	10013	12267
hashtags	201408	6623276	6244224	1777981	232324	44740	5721240	5325976	1633974	246853	46911	1897541	1810887	505908	57031	9513	1876246	1779240	464654	62819	11022
job opening	201408	181041	156409	116680	6614	14457	129384	107689	67176	6082	12432	64829	57069	47501	1607	5135	52741	43880	33946	1983	6214
job opportunity	201408	194668	173210	153099	8747	7169	131723	112814	98439	7885	5387	68013	63359	57359	2277	1058	56456	50098	44077	2396	2481
job posting	201408	36404	30404	16245	2696	1723	35161	28407	17174	2358	2448	8352	6959	3990	578	417	8184	6727	3743	733	360
we are hiring	201408	294680	239188	128179	17955	16249	194985	123417	71249	18292	26516	102043	87201	45280	4766	3637	103817	89824	47774	5010	3535
all	201409	7104551	6622006	2042007	227979	77675	6786618	6322776	1874029	253745	79625	1831310	1656388	507115	61439	21862	1682363	1551989	502419	60526	22812
all old	201409	751840	646960	416431	34020	38921	703566	597235	358500	35608	38993	154179	127546	86805	8935	11257	168552	136202	92090	9138	12394
hashtags	201409	6940773	6539258	1939803	206721	46976	6623276	6244224	1777981	232324	44740	1792362	1637162	480791	55628	14049	1632780	1529273	474982	54669	12082
job opening	201409	251993	233551	171282	6778	7813	181041	156409	116680	6614	14457	68713	63438	39479	1975	2151	70528	63584	41175	2195	3533
job opportunity	201409	236935	211514	185868	8868	10093	194668	173210	153099	8747	7169	49255	43168	36271	2267	2474	53970	46209	39527	2323	4123
job posting	201409	37503	28855	16914	2555	1468	36404	30404	16245	2696	1723	9067	7467	4652	703	525	11768	7352	4270	668	302
we are hiring	201409	226341	174994	101101	16192	18393	294680	239188	128179	17955	16249	27612	14046	12460	4080	5583	32524	19673	14781	4070	4168
all	201410	9739817	9258818	2261296	256187	76587	7162634	6673129	2051148	230896	79255	2431177	2298966	584125	66945	18835	2596811	2472223	599685	66266	20325
all old	201410	821838	715212	478348	35924	35267	749414	642273	414883	34612	39777	208796	174569	118025	9231	9137	229224	195805	130979	9284	8430
hashtags	201410	9599622	9199647	2170052	236096	48056	6994730	6588346	1946885	209087	47886	2387844	2283664	561502	61556	11162	2556528	2458657	577459	61320	13330
job opening	201410	463875	432984	282928	10398	8713	254656	235935	171284	6939	7921	118051	103847	69122	2611	2051	133938	120282	79620	2725	1610
job opportunity	201410	228681	205751	180339	9354	7962	235584	209829	183847	8982	10229	58567	51959	44936	2266	2783	62964	56312	48944	2479	2514
job posting	201410	32907	26263	15795	2387	2842	38177	29311	17181	2637	1531	7942	6357	3788	618	614	8183	6322	3718	565	964
we are hiring	201410	102315	52544	46390	14321	18249	222137	169242	99150	16465	19015	25868	12931	11302	3899	4490	26470	13448	11928	3671	4764
all	201411	5545055	5193739	1798277	181281	62691	9739817	9258818	2261296	256187	76587	1457635	1383271	466470	39826	14853	1221667	1137010	419471	39209	15830
all old	201411	428842	337994	235718	27594	32373	821838	715212	478348	35924	35267	106444	86160	62439	6490	6995	100763	76333	52606	6671	9161
hashtags	201411	5402730	5120993	1714495	161832	36669	9599622	9199647	2170052	236096	48056	1424823	1366905	444471	35186	9258	1183566	1118243	400740	34362	7919
job opening	201411	134149	115919	74447	5327	7959	463875	432984	282928	10398	8713	32389	29097	19072	1066	825	29137	25023	16426	1258	1731
job opportunity	201411	170203	149334	111859	6914	7664	228681	205751	180339	9354	7962	42985	37996	30100	1572	2447	41122	34455	25443	1772	2607
job posting	201411	29604	24471	13739	2003	1773	32907	26263	15795	2387	2842	7695	6494	3918	494	328	7710	6635	2935	458	223
we are hiring	201411	98346	50067	43641	13797	17265	102315	52544	46390	14321	18249	24673	13074	11484	3444	4051	23200	10713	9569	3258	4387
all	201412	4610414	4318977	1583824	142289	54261	5533026	5185715	1798682	178919	62459	1102379	1031734	391024	32632	11338	1404678	1320554	468109	42309	15234
all old	201412	341204	268559	197377	21876	27708	430454	338812	236102	27477	32839	74129	59407	45107	4618	5090	103156	83279	61418	6472	7078
hashtags	201412	4505763	4273027	1515723	126774	32684	5390474	5112355	1714676	159539	37195	1081254	1022804	376335	29359	7004	1373670	1306418	446831	37682	8982
job opening	201412	107363	93936	63951	4075	5883	134182	116221	74509	5236	7813	21777	19442	13776	874	673	33544	30290	20457	1222	1129
job opportunity	201412	128875	114418	91158	5311	5040	171026	149293	111684	6897	8248	29300	26689	22399	1130	672	37695	34263	27952	1486	971
job posting	201412	25762	21276	13146	1687	1684	30165	24758	13955	1998	2067	5542	4663	2785	384	265	7760	6563	3975	506	370
we are hiring	201412	83943	41119	36275	11431	16556	98628	50387	43888	13802	17028	18183	8979	7853	2322	3522	25347	12745	11213	3429	4806
all	201501	895307	832759	311202	24754	7110	4541561	4255071	1563680	139869	52529	0	0	0	0	0	0	0	0	0	0
all old	201501	54674	44344	34431	3079	3535	331039	261903	192932	21150	26041	0	0	0	0	0	0	0	0	0	0
hashtags	201501	883032	828037	301256	22762	4092	4442073	4212371	1498014	124940	31208	0	0	0	0	0	0	0	0	0	0
job opening	201501	14028	12697	10007	639	434	104357	91079	62361	3990	5860	0	0	0	0	0	0	0	0	0	0
job opportunity	201501	25253	23010	19162	841	700	125826	112782	90063	5161	4177	0	0	0	0	0	0	0	0	0	0
job posting	201501	4142	2986	1830	238	756	24696	20607	12684	1635	1363	0	0	0	0	0	0	0	0	0	0
we are hiring	201501	10879	5829	4797	1418	1957	80788	39546	34905	10975	16088	0	0	0	0	0	0	0	0	0	0
