#Field:candidate	MonthId	NumTweets_Month1	NumDistinctTweets_Month1	NumDistinctUsers_Month1	NumPopularTweets_Month1	NumVerifiedTweets_Month1	NumTweets_Month2	NumDistinctTweets_Month2	NumDistinctUsers_Month2	NumPopularTweets_Month2	NumVerifiedTweets_Month2	NumTweets_Week1	NumDistinctTweets_Week1	NumDistinctUsers_Week1	NumPopularTweets_Week1	NumVerifiedTweets_Week1	NumTweets_Week2	NumDistinctTweets_Week2	NumDistinctUsers_Week2	NumPopularTweets_Week2	NumVerifiedTweets_Week2
all	201101	760439	752795	339647	5822	439	0	0	0	0	0	272837	270073	112615	2115	222	247635	244968	115674	1997	129
all old	201101	96953	95318	33403	978	82	0	0	0	0	0	55132	54497	13337	425	21	25761	25189	11105	319	37
hashtags	201101	519502	514606	262849	3869	310	0	0	0	0	0	171931	170121	85685	1384	202	173375	171708	89599	1327	58
job opening	201101	6582	6359	5609	153	14	0	0	0	0	0	2099	2015	1764	52	1	2118	2065	1860	43	2
job opportunity	201101	6396	6183	5395	143	15	0	0	0	0	0	2047	1960	1742	61	0	2183	2095	1839	54	11
job posting	201101	6378	6222	5215	110	22	0	0	0	0	0	2063	2003	1659	36	21	2213	2157	1820	44	2
we are hiring	201101	53923	53180	12603	388	42	0	0	0	0	0	34817	34524	6558	188	2	13399	13095	4086	133	0
all	201102	1004449	993067	459457	7762	1835	679343	672305	310949	5344	346	207949	204877	108833	1757	391	304897	301335	137980	2402	752
all old	201102	90489	87986	41731	1246	162	71524	70039	29435	887	79	12382	11626	9866	343	51	17322	16617	12178	361	26
hashtags	201102	827863	818857	399081	6133	1805	474947	470563	241570	3526	200	261582	258649	123489	1990	422	240466	237843	113615	1749	645
job opening	201102	11580	10988	9573	287	36	6025	5811	5126	145	14	3863	3731	3216	90	0	4113	3780	3267	105	10
job opportunity	201102	8924	8645	7555	197	8	5890	5697	4982	125	15	2263	2199	1927	46	2	3003	2921	2516	55	3
job posting	201102	9155	8902	7401	144	17	5845	5696	4783	104	22	2507	2441	1975	34	11	2624	2551	2131	51	3
we are hiring	201102	40135	39181	11123	405	29	36709	36044	10365	330	42	1759	1589	1526	106	6	4305	4054	2504	114	7
all	201103	177865	174556	100247	1648	827	1003853	992231	465076	7845	1972	1753	1570	1392	76	36	6626	6136	5233	147	226
all old	201103	10026	9380	7962	302	18	82921	80381	41410	1253	162	160	75	74	9	7	411	327	320	27	0
hashtags	201103	229927	225780	116257	1970	1173	850420	841056	409840	6378	1955	2269	1973	1715	78	131	8236	7845	6424	168	68
job opening	201103	2962	2775	2426	70	6	11898	11244	9784	297	36	22	18	18	1	0	86	84	84	2	0
job opportunity	201103	1939	1730	1574	51	0	9094	8798	7699	208	8	21	13	13	5	0	59	58	58	1	0
job posting	201103	2153	2125	1681	16	0	9243	8992	7468	142	17	10	10	10	0	0	69	68	65	1	0
we are hiring	201103	1420	1197	1180	96	5	34101	33135	10379	408	29	22	14	14	6	0	71	51	51	11	0
all	201104	577186	568018	316295	4826	2224	177865	174556	100247	1648	827	162408	161362	90730	833	134	162987	159896	91217	1409	877
all old	201104	30827	29079	24558	815	206	10026	9380	7962	302	18	8117	7914	6762	137	15	9025	8382	7269	267	64
hashtags	201104	744991	735011	363739	5986	2091	229927	225780	116257	1970	1173	209538	208139	104225	1086	199	209947	207048	105112	1815	562
job opening	201104	9610	9057	7450	226	146	2962	2775	2426	70	6	2748	2691	2202	45	0	2985	2730	2293	80	96
job opportunity	201104	5715	5543	5031	120	3	1939	1730	1574	51	0	1587	1560	1429	25	1	1406	1358	1266	29	0
job posting	201104	6726	6641	5428	59	2	2153	2125	1681	16	0	1869	1861	1524	6	0	1914	1886	1610	19	2
we are hiring	201104	4628	3967	3595	276	21	1420	1197	1180	96	5	1048	981	945	44	2	1364	1151	1068	84	0
all	201105	441303	437603	252046	2461	642	586228	576987	321527	4874	2229	75882	74516	48525	764	149	125847	124789	71139	729	190
all old	201105	21121	20436	17572	348	55	31289	29541	24970	821	206	3185	2901	2617	98	7	5407	5241	4567	109	24
hashtags	201105	472329	469529	251926	2097	551	756689	746611	369860	6043	2092	58861	58030	39142	518	113	106648	105926	61444	507	152
job opening	201105	7238	7094	5919	92	5	9751	9198	7571	228	146	784	746	682	23	1	1842	1802	1572	22	2
job opportunity	201105	4080	3994	3517	57	6	5805	5636	5118	120	3	727	694	603	22	1	1107	1079	941	14	0
job posting	201105	4330	4303	3599	19	0	6848	6763	5520	59	2	503	498	468	5	0	978	972	851	4	0
we are hiring	201105	2833	2498	2443	107	4	4663	4004	3632	274	21	510	377	376	29	4	708	663	651	27	0
all	201106	342944	335642	205571	3913	1152	441303	437603	252046	2461	642	97624	95692	58139	1166	304	94218	92228	57019	1020	250
all old	201106	14501	13264	11898	449	176	21121	20436	17572	348	55	5067	4701	4164	140	17	3560	3226	2933	107	100
hashtags	201106	266071	261075	166870	2883	662	472329	469529	251926	2097	551	76038	74698	47368	842	209	72903	71472	46315	795	245
job opening	201106	5105	4569	4064	97	41	7238	7094	5919	92	5	2063	1980	1721	25	8	1142	988	889	31	2
job opportunity	201106	2899	2722	2507	100	7	4080	3994	3517	57	6	897	834	781	34	4	728	686	618	24	2
job posting	201106	2303	2241	2066	35	6	4330	4303	3599	19	0	816	801	727	9	1	555	531	490	11	2
we are hiring	201106	2673	1996	1956	199	61	2833	2498	2443	107	4	859	615	605	73	20	681	574	566	42	24
all	201107	645603	628351	371858	8979	1231	347688	340243	207216	3988	1175	227758	221858	125643	3121	369	177583	172804	101772	2537	287
all old	201107	32955	30869	26260	758	147	14764	13538	12138	452	176	11766	11197	9314	260	35	9939	9053	7453	215	34
hashtags	201107	501018	487648	301219	6684	1215	269886	264760	168374	2947	713	176118	171737	101675	2291	267	137499	133809	82451	2008	226
job opening	201107	13298	12869	10324	180	13	5334	4802	4268	94	41	4833	4707	3585	68	6	3494	3356	2613	43	1
job opportunity	201107	6085	5784	5024	171	30	2934	2761	2539	100	8	2098	1990	1807	60	18	1908	1831	1395	48	3
job posting	201107	4928	4842	4304	58	4	2346	2281	2095	38	6	1959	1927	1688	23	3	1322	1305	1159	14	0
we are hiring	201107	4302	3558	3497	285	104	2684	1987	1946	194	76	1450	1251	1219	87	8	1313	1080	1066	73	66
all	201108	813246	796672	448813	9256	1983	661682	644006	380645	9240	1225	202539	198785	113531	2195	620	255474	251601	133006	2379	588
all old	201108	41782	39624	32723	1032	210	34075	31952	27110	782	148	10878	10217	8163	304	59	12788	12244	10195	281	53
hashtags	201108	705949	693115	391726	7494	1392	513260	499633	308184	6848	1195	197373	194156	108279	1926	583	249824	246442	126691	2181	390
job opening	201108	18182	17573	13204	246	232	13716	13275	10614	188	14	4656	4586	3253	52	11	5683	5396	4231	62	215
job opportunity	201108	7728	7364	6351	196	24	6302	5987	5196	179	28	2175	2089	1612	49	6	2327	2251	1966	53	10
job posting	201108	5688	5578	4946	65	9	5103	5009	4445	58	5	1386	1357	1244	17	0	1825	1794	1550	20	5
we are hiring	201108	5337	4515	4432	351	92	4452	3696	3632	294	95	1374	1176	1158	85	1	1594	1366	1342	101	40
all	201109	775981	759575	427894	8530	4254	813246	796672	448813	9256	1983	190185	186915	106589	2098	543	200112	196283	111873	2146	878
all old	201109	39001	36383	29951	962	276	41782	39624	32723	1032	210	9679	8689	7353	252	62	9632	9078	7765	233	98
hashtags	201109	760984	746444	410931	7924	3867	705949	693115	391726	7494	1392	186333	183305	102079	1926	598	195903	192386	107143	1961	896
job opening	201109	16335	15734	11757	231	205	18182	17573	13204	246	232	3964	3678	2835	67	181	3789	3693	3007	51	0
job opportunity	201109	7615	7313	6022	177	21	7728	7364	6351	196	24	1567	1523	1348	35	0	1838	1766	1522	41	8
job posting	201109	5253	5127	4585	61	53	5688	5578	4946	65	9	1301	1237	1119	14	51	1449	1373	1256	25	48
we are hiring	201109	5104	4246	4086	315	190	5337	4515	4432	351	92	1427	1241	1184	88	16	1377	1082	1042	70	113
all	201110	617101	602509	358432	6812	4556	771850	755918	424085	8322	4197	156793	152874	91022	1822	1363	166243	161900	95254	1859	1548
all old	201110	29594	27401	23829	822	582	38161	35623	29320	927	271	8113	7419	6354	242	198	7774	7296	6467	238	73
hashtags	201110	557412	545721	325726	5835	3850	756519	742375	407360	7737	3752	139401	136383	81543	1499	966	148435	145429	86303	1614	937
job opening	201110	12138	11810	9484	192	52	15919	15337	11404	216	200	3306	3212	2483	52	11	3225	3118	2659	69	12
job opportunity	201110	4934	4623	4252	172	33	7394	7099	5901	172	21	1262	1168	1096	52	20	1294	1220	1122	41	0
job posting	201110	5538	5405	4843	89	15	5246	5117	4568	63	54	1584	1541	1408	28	3	1354	1329	1188	20	2
we are hiring	201110	4781	3725	3633	345	170	4963	4151	3983	301	190	1357	994	975	102	132	1438	1021	998	103	20
all	201111	557714	546887	323320	5642	2397	617101	602509	358432	6812	4556	176776	173575	98943	1804	114	141591	139340	82846	1248	233
all old	201111	26877	24693	21145	830	383	29594	27401	23829	822	582	9195	8549	6997	274	95	6437	6028	5274	179	16
hashtags	201111	498587	490210	292340	4764	1839	557412	545721	325726	5835	3850	157855	155507	89546	1492	88	126469	124748	75055	1060	148
job opening	201111	11253	10893	8569	179	22	12138	11810	9484	192	52	4016	3928	2835	55	7	2646	2598	2147	36	5
job opportunity	201111	4307	3945	3676	154	6	4934	4623	4252	172	33	1409	1287	1204	50	2	1132	1016	944	36	3
job posting	201111	4771	4588	4021	63	102	5538	5405	4843	89	15	1543	1517	1281	20	1	1197	1171	1028	14	2
we are hiring	201111	4136	3258	3170	318	49	4781	3725	3633	345	170	1480	1128	1092	107	6	908	725	711	67	2
all	201112	1098828	1083573	568104	10481	525	534087	523823	312562	5317	2188	290453	286579	150624	2808	105	385455	380615	191391	3418	202
all old	201112	49135	46035	37554	1377	83	25219	23117	19960	800	318	11348	10616	8558	342	25	15939	15184	12195	419	21
hashtags	201112	915637	904185	485343	8038	455	477817	469752	282779	4526	1731	217596	215071	119582	1910	88	293741	290514	153714	2414	129
job opening	201112	19705	19163	14707	302	21	10409	10073	8060	169	22	4315	4192	3192	75	2	6373	6175	4698	113	15
job opportunity	201112	9548	9035	8007	312	31	4082	3727	3478	147	7	2281	2193	1966	66	6	3297	3088	2715	117	11
job posting	201112	8406	8221	6832	113	8	4515	4336	3806	60	100	1951	1899	1545	30	1	2770	2734	2304	29	2
we are hiring	201112	7606	6459	5680	544	12	3848	3004	2925	297	38	2007	1732	1304	144	3	2409	2007	1757	166	5
all	201201	1831876	1714608	785572	20494	2378	1103675	1088478	569796	10454	526	571398	468616	222950	10479	1840	429099	422881	216598	4219	308
all old	201201	260391	232448	81705	3741	369	48918	45882	37456	1356	82	127313	102174	28728	2178	204	25954	24828	18644	573	105
hashtags	201201	1391694	1298563	653748	16085	1788	916477	905173	485775	7979	453	483970	400454	207443	9107	1423	370915	366039	189225	3513	194
job opening	201201	68515	66492	26328	738	73	19586	19042	14662	302	21	49475	47893	11823	484	41	8328	8143	6409	120	14
job opportunity	201201	15226	13857	12209	613	60	9569	9054	8013	312	31	4920	3986	3514	325	15	4202	4004	3612	134	14
job posting	201201	11423	10867	8948	208	10	8401	8216	6819	113	8	3681	3313	2719	128	6	3182	3128	2570	35	3
we are hiring	201201	163008	138070	32656	2017	655	7527	6391	5612	535	12	76916	53403	10733	1204	637	10361	9745	6116	275	11
all	201202	1948937	1634517	835803	41702	5797	1738012	1678942	767077	17676	1244	464487	395340	213539	9690	1091	445440	409109	207797	9090	788
all old	201202	246241	152149	78662	8662	626	254919	229925	79520	3381	247	74567	25289	19746	2507	259	45321	33134	19113	2018	68
hashtags	201202	1587998	1375325	729041	31022	3492	1289460	1255950	633265	13325	1093	380122	356005	191293	7003	667	364976	342746	179110	6324	508
job opening	201202	87530	46091	29152	2111	154	66909	65423	25434	657	49	39372	8004	6433	600	50	11250	8741	6919	481	54
job opportunity	201202	22333	16279	13311	1518	48	14573	13333	11768	549	51	5264	3883	3277	376	10	5488	3837	3259	366	15
job posting	201202	13935	12026	10051	571	19	11060	10559	8674	187	10	2921	2640	2245	130	8	4119	3253	2721	191	2
we are hiring	201202	119617	75317	24963	4313	796	160376	137491	32119	1824	631	19846	7490	5559	1211	279	22671	16532	5983	958	51
all	201203	1759853	1499469	776963	30661	5158	1966713	1636543	837823	41930	5861	533668	433787	200890	7774	1601	486903	439304	202577	7288	1039
all old	201203	371676	286812	90646	8910	815	244269	148632	78114	8715	617	162356	137609	29009	2263	173	151457	137002	28375	2329	214
hashtags	201203	1782941	1564522	834291	29042	5842	1603424	1377866	730062	31111	3720	422869	340533	186160	6103	1008	464748	420145	224643	7376	1490
job opening	201203	60303	48320	32544	1544	91	83725	41924	28435	2107	159	31496	25499	14639	491	25	15703	13554	8905	378	12
job opportunity	201203	39588	21992	15679	1747	82	23174	16416	13408	1531	49	16439	6778	4131	424	18	8205	6661	4177	415	27
job posting	201203	14010	11065	9468	527	36	13769	11897	9973	577	19	2782	2464	2174	121	4	2963	2633	2280	112	18
we are hiring	201203	190132	152332	31379	3395	604	118387	75278	24933	4304	846	84585	79272	14444	845	32	95991	87496	13493	909	44
all	201204	2398384	1378948	761056	33217	3654	1759853	1499469	776963	30661	5158	475725	346694	200612	9402	966	541585	345684	198444	8875	824
all old	201204	960657	175902	78826	9973	691	371676	286812	90646	8910	815	73683	30875	20211	2712	197	81992	31763	19933	2523	319
hashtags	201204	1820656	1390005	760176	28129	3310	1782941	1564522	834291	29042	5842	505396	409269	220163	8983	977	532371	373161	204706	7723	1240
job opening	201204	804844	47273	29961	2576	170	60303	48320	32544	1544	91	22122	9148	5960	397	20	25915	9423	6136	456	67
job opportunity	201204	68916	26949	16026	1945	185	39588	21992	15679	1747	82	11165	8832	5134	577	17	18216	7664	4308	491	12
job posting	201204	12683	10131	8809	515	21	14010	11065	9468	527	36	3643	2772	2401	154	1	3865	2915	2547	143	10
we are hiring	201204	77134	52540	19812	2816	259	190132	152332	31379	3395	604	10686	4619	3164	841	51	15609	6283	3997	835	132
all	201205	4655448	1497668	816169	40311	5498	2403185	1386150	768848	34041	3431	2396043	343344	194328	11429	1422	1338266	389065	198303	11171	1552
all old	201205	460479	143283	77970	9850	772	941306	165384	78276	10224	750	227658	36188	20054	2597	190	203344	26338	18307	2433	143
hashtags	201205	4492803	1555707	827508	34101	4244	1854327	1418066	774003	29032	3483	2264207	338978	188780	9475	1103	1157393	396133	194051	9240	1219
job opening	201205	101703	75185	31716	1637	175	801379	43945	28551	2568	166	24354	21548	9092	381	20	13390	11711	7129	364	5
job opportunity	201205	265492	32029	19774	2584	368	61143	27517	16541	1949	183	173154	7099	4675	835	80	160923	7512	4956	810	61
job posting	201205	14815	9099	8075	511	76	12814	10248	8911	530	22	2519	2165	1961	111	4	2373	2050	1867	134	29
we are hiring	201205	39805	12765	10400	3529	331	73357	47641	18194	2937	269	12436	3030	2877	1036	63	7995	2868	2739	916	36
all	201206	3517501	1350329	778426	33546	4052	4655448	1497668	816169	40311	5498	391567	346063	197944	8485	890	422211	372373	213840	7913	864
all old	201206	359514	96388	69562	8493	549	460479	143283	77970	9850	772	46073	24246	17500	1971	196	46805	24912	18009	2016	95
hashtags	201206	3313876	1272284	723892	26047	3435	4492803	1555707	827508	34101	4244	309385	286566	167116	5878	663	339779	308516	181231	5459	612
job opening	201206	85788	41941	29193	1871	235	101703	75185	31716	1637	175	17993	11501	7996	506	93	15823	10682	7491	449	83
job opportunity	201206	44698	28657	17584	1805	102	265492	32029	19774	2584	368	10072	7475	4289	410	19	14440	8171	4881	484	26
job posting	201206	9698	8560	7563	378	42	14815	9099	8075	511	76	2325	2113	1843	84	4	2764	2347	2064	112	8
we are hiring	201206	171050	9716	9291	2986	93	39805	12765	10400	3529	331	11912	2195	2131	614	17	9406	2202	2111	631	8
all	201207	2745433	1363117	799942	36042	3782	1941774	1317336	760725	31430	3755	736691	357000	213135	9169	881	478072	348234	205338	9160	1185
all old	201207	501927	103105	76481	8990	559	348916	93682	67506	8064	480	315688	24883	18805	2699	169	82287	26592	19703	2630	194
hashtags	201207	2450732	1255932	731492	27961	2842	1669731	1234897	704748	24190	3359	728871	360207	209310	7596	685	433853	344612	198519	7533	791
job opening	201207	73608	44691	31527	1489	107	83698	40872	28507	1807	229	18698	9450	6612	382	29	25728	11062	7783	541	28
job opportunity	201207	295266	27266	18589	2002	114	42615	28167	17176	1731	97	246289	6411	4514	714	10	16155	6135	4188	484	54
job posting	201207	28212	10692	9740	685	210	9472	8364	7381	367	42	4864	2724	2490	196	72	13302	3083	2759	240	36
we are hiring	201207	29266	8723	8358	2551	106	166069	9157	8768	2765	66	6633	2318	2230	701	39	7463	2389	2297	692	36
all	201208	2752568	1725347	985194	50455	5152	2800115	1399371	820223	37121	3842	1127492	449056	254221	15395	1244	600825	446154	252021	14204	1110
all old	201208	195828	101787	76304	10654	1463	505615	106056	79029	9261	576	43384	22807	17649	2876	501	42807	23167	17454	2761	217
hashtags	201208	2847669	1764799	979195	45530	5746	2513400	1296273	752762	28981	3017	1221592	452268	250520	14237	2487	620715	457151	251928	13213	943
job opening	201208	83252	46412	31200	2166	203	74761	45798	32427	1527	112	16227	9747	6568	461	99	14605	10336	6535	447	24
job opportunity	201208	32888	19812	16159	2143	145	295886	27590	19015	2054	155	6834	4343	3815	561	36	6534	3976	3533	569	26
job posting	201208	21072	12752	10508	755	83	28538	10945	9949	699	210	4212	3503	2679	187	26	7049	3252	2570	218	21
we are hiring	201208	33482	11373	10886	3753	393	29655	9082	8693	2629	107	11416	3143	3062	1199	106	7866	2984	2840	1047	98
all	201209	7425159	1764061	985166	71837	6183	2752568	1725347	985194	50455	5152	875960	493102	282315	18777	1875	3811116	438978	241306	20099	1602
all old	201209	790471	105649	74860	11438	2218	195828	101787	76304	10654	1463	50934	32572	21723	2812	235	83842	27404	19276	2880	281
hashtags	201209	6392569	1507929	858338	55362	4603	2847669	1764799	979195	45530	5746	737820	421142	245309	14513	1226	3059294	345840	197791	14512	905
job opening	201209	748691	51901	34152	2797	369	83252	46412	31200	2166	203	20589	15564	9753	591	33	27969	13816	9086	653	188
job opportunity	201209	50687	27598	17833	2667	231	32888	19812	16159	2143	145	11892	7451	4510	635	62	19049	7998	4893	769	102
job posting	201209	40565	15570	11320	976	85	21072	12752	10508	755	83	4871	4255	3050	231	38	26739	4383	3176	344	21
we are hiring	201209	85784	10987	10507	3687	416	33482	11373	10886	3753	393	8583	2649	2532	824	36	12611	2965	2818	968	115
all	201210	4678506	1907103	1053775	83634	7203	7440262	1773635	989877	72872	6359	1999364	477386	262413	21962	1646	2366820	469634	259270	22355	2099
all old	201210	579869	120251	86438	13457	2207	791631	107875	76165	11591	2256	87757	32194	23418	3647	689	385895	28508	21569	3908	947
hashtags	201210	3732995	1645299	922164	65258	4373	6396502	1509632	859336	55886	4584	1778526	406877	226994	16818	1000	1891175	445144	243439	18991	1320
job opening	201210	539112	59844	40906	3496	938	748513	52858	34766	2834	379	45875	15313	10371	751	45	473291	15973	11485	1634	714
job opportunity	201210	80727	31360	20198	2999	481	51308	28220	18112	2704	229	13756	9454	6211	884	50	10394	6507	4670	659	145
job posting	201210	34448	17231	12685	1151	290	40724	15693	11418	993	92	10031	4342	3225	305	147	14447	4296	3158	309	68
we are hiring	201210	47449	11734	11092	3715	304	85570	10977	10502	3668	406	18546	3461	3290	1177	90	7626	2838	2647	894	119
all	201211	5906189	1866344	1011745	81928	8133	4678506	1907103	1053775	83634	7203	2374113	440130	242909	17450	1203	814642	520327	273697	21181	1425
all old	201211	460257	112729	83205	13397	1226	579869	120251	86438	13457	2207	46757	24693	18437	2899	188	70942	30562	22537	3774	367
hashtags	201211	4083955	1254776	733689	48689	5983	3732995	1645299	922164	65258	4373	2000622	338630	195134	11813	1072	488544	316339	183941	11382	904
job opening	201211	145093	54587	37172	3173	279	539112	59844	40906	3496	938	22042	12319	8263	662	22	36249	14157	9817	889	106
job opportunity	201211	38027	26821	18580	2654	151	80727	31360	20198	2999	481	8941	5385	4074	630	43	10103	7401	4949	717	52
job posting	201211	17146	13702	10651	886	94	34448	17231	12685	1151	290	3575	3050	2345	158	24	4197	3507	2762	238	37
we are hiring	201211	144296	10728	10344	3792	283	47449	11734	11092	3715	304	7566	2322	2243	792	53	12538	2877	2773	1034	115
all	201212	3026814	1373413	765735	36683	3709	6538100	1837982	996929	80754	8002	340141	333883	189335	4087	651	399828	376898	209954	7860	790
all old	201212	159661	107781	77906	6354	1233	456008	110072	81286	12961	1187	26303	24943	17763	644	236	34586	30887	22390	1256	389
hashtags	201212	3096829	1384310	750379	33657	5064	4760037	1242658	726412	48670	5936	376072	370167	199694	4263	767	397900	374345	203179	7506	1206
job opening	201212	61917	43095	29614	1347	186	143733	53405	36359	3091	274	11019	10833	7081	132	15	12402	11628	8216	208	64
job opportunity	201212	35628	28484	18388	1624	111	36246	25634	17946	2544	151	6838	6530	4210	164	29	9297	8432	5295	325	25
job posting	201212	18388	15173	11278	530	102	17017	13537	10498	857	94	3371	3197	2402	68	23	4595	4298	3243	121	35
we are hiring	201212	25247	11524	11039	1819	290	143365	10386	10008	3615	273	3306	2746	2623	232	96	4161	3252	3116	333	109
all	201301	1460974	1398108	792249	16782	3397	2349639	1366434	761645	34821	3643	443742	434140	238991	5927	1070	445260	402235	236193	5307	1311
all old	201301	125170	117282	87493	3262	1268	157836	107385	77439	6220	1223	39778	37064	27323	1113	370	42415	40016	31969	1066	446
hashtags	201301	1455251	1428194	778765	15316	3260	2398784	1381043	747948	31790	5010	402288	394472	215858	4763	1162	437915	427857	235760	4990	825
job opening	201301	48839	47095	31344	617	292	61678	43157	29598	1317	184	12728	12238	8445	180	27	14993	14623	9659	205	64
job opportunity	201301	40720	39003	28916	925	219	35657	28592	18372	1602	111	11525	11034	7943	286	64	18260	17755	15029	306	61
job posting	201301	15251	14495	10548	276	261	18014	14957	11119	510	103	5525	5244	3771	113	56	4355	4031	3042	83	189
we are hiring	201301	14799	12465	12067	960	341	24848	11440	10956	1790	290	4553	3763	3647	284	138	4961	4172	4038	343	89
all	201302	1625431	1571156	885685	30290	7562	1399548	1338826	761332	15343	3051	376810	360889	217510	8725	1090	421021	403182	232834	8931	4494
all old	201302	150895	138822	103861	4881	2506	116854	109996	81894	2928	1188	37627	34216	26933	1395	753	38365	35300	26645	1376	551
hashtags	201302	1593480	1537927	844836	28445	4337	1415345	1390096	758344	14332	2851	464444	444215	243730	10153	1129	418764	397955	223591	8390	1434
job opening	201302	55330	52844	37677	910	549	47135	45475	29923	569	283	15720	14828	10655	263	96	15026	14456	10735	309	101
job opportunity	201302	37057	34873	23747	1133	298	38420	36834	27580	851	212	8808	8238	5990	332	27	9626	8980	6156	320	64
job posting	201302	20662	19633	14713	514	249	14201	13581	9881	238	225	5223	4865	4004	154	123	4947	4758	3491	121	36
we are hiring	201302	18609	15374	14910	1231	627	13527	11405	11041	882	282	5252	4427	4283	375	117	4599	3641	3532	298	251
all	201303	1427727	1367311	843161	35644	4995	1609308	1554385	879108	30697	7626	360528	345836	212858	9283	1206	347902	333237	207201	9198	1256
all old	201303	150625	131985	103651	5028	1168	150223	138253	103512	4878	2435	35520	31404	23960	1228	232	34669	31162	24814	1155	368
hashtags	201303	1691721	1631278	934032	40172	4716	1595745	1539405	846079	29265	4438	374581	361410	213949	9318	974	416629	401002	230892	10287	1120
job opening	201303	45297	43472	31152	946	315	55176	52870	37838	924	551	11178	10810	7288	206	32	10728	10238	7536	236	148
job opportunity	201303	36493	33469	24339	1604	279	36844	34654	23648	1138	288	10432	9452	6436	459	46	8917	8236	5885	406	79
job posting	201303	19266	18429	13888	555	76	20632	19621	14541	515	250	5091	4840	3779	150	27	4784	4595	3535	130	9
we are hiring	201303	28313	24919	24294	1428	631	18928	15678	15191	1250	602	6800	6048	5886	345	81	7445	6635	6469	359	200
all	201304	1527992	1472038	868867	37022	6818	1427727	1367311	843161	35644	4995	445410	429768	249970	9963	2512	481749	466589	263739	10564	1474
all old	201304	129478	120682	90296	4430	1313	150625	131985	103651	5028	1168	39138	36759	27333	1211	320	40046	37802	28335	1214	328
hashtags	201304	1462630	1406529	815508	34274	3663	1691721	1631278	934032	40172	4716	443732	430742	242600	9618	1012	416031	404421	229222	8913	941
job opening	201304	45678	44094	31037	856	252	45297	43472	31152	946	315	13395	13020	8997	227	65	13849	13484	9521	212	102
job opportunity	201304	42621	39208	26355	1660	148	36493	33469	24339	1604	279	12271	11584	7804	437	43	13355	12511	8235	457	29
job posting	201304	18477	17652	13526	524	144	19266	18429	13888	555	76	5464	5258	3989	140	45	5622	5422	4172	142	18
we are hiring	201304	21492	18274	17116	1365	537	28313	24919	24294	1428	631	6564	5744	5450	400	89	6665	5820	5554	381	97
all	201305	1690578	1629596	943130	39612	11557	1558609	1502285	885203	37720	6792	400166	386084	232538	9532	3159	402405	385416	225465	9788	3765
all old	201305	129592	120953	89979	4451	1396	132426	123323	92521	4561	1338	31745	29591	21949	1130	286	32423	30212	22584	1127	386
hashtags	201305	1576094	1525884	867917	35145	9763	1493056	1436017	830903	34969	3837	396404	384558	223500	8853	2928	396177	381276	214588	9038	3095
job opening	201305	44423	43136	29548	752	259	46530	44960	31679	873	254	10651	10335	7098	192	80	10044	9779	6667	172	57
job opportunity	201305	40302	36919	26420	1515	870	42854	39639	26769	1671	154	9596	8752	6314	359	37	10407	9650	7064	370	168
job posting	201305	19915	19072	14653	547	133	18825	17977	13780	534	148	4726	4509	3468	120	48	4946	4740	3620	154	25
we are hiring	201305	25911	22350	20143	1390	748	22276	18987	17748	1404	560	6572	5845	5134	353	87	6877	5989	5439	351	147
all	201306	1333189	1282188	793285	32570	11640	1690578	1629596	943130	39612	11557	309825	294545	177536	9107	2917	340118	327344	206635	8478	3199
all old	201306	128454	119266	89303	4694	1285	129592	120953	89979	4451	1396	27303	25101	20351	1129	288	31250	28769	22294	1273	307
hashtags	201306	1408980	1361583	806939	33097	11809	1576094	1525884	867917	35145	9763	307079	294832	172702	8937	3059	352443	340750	207642	8537	2907
job opening	201306	41758	39460	27628	879	325	44423	43136	29548	752	259	9844	9433	6594	228	79	11036	10270	7196	246	95
job opportunity	201306	32947	30722	22507	1341	247	40302	36919	26420	1515	870	6221	5579	4847	343	107	7901	7224	5742	391	55
job posting	201306	18619	17702	13781	597	104	19915	19072	14653	547	133	4113	3830	3118	147	13	4775	4525	3526	186	35
we are hiring	201306	26131	22422	19975	1443	647	25911	22350	20143	1390	748	5753	4823	4629	370	240	6226	5270	4879	345	139
all	201307	1265504	1208728	699356	37277	12201	1329439	1277731	791356	32979	11632	325760	306254	178409	11952	3970	314673	300099	171955	10144	2626
all old	201307	119038	108094	88365	5265	1708	128429	119214	89640	4718	1311	31812	28526	23532	1766	306	32949	29273	24162	1609	431
hashtags	201307	1237747	1184754	662397	35330	12998	1401442	1353613	803588	33390	11771	329951	310728	172768	11593	5520	326748	311681	169248	10489	2605
job opening	201307	41232	39237	28720	967	538	42089	39763	27806	888	328	9629	9037	7399	356	45	10909	10073	7749	321	348
job opportunity	201307	25217	23044	19858	1160	220	32657	30425	22495	1348	245	6971	6237	5348	384	35	6805	6179	5338	318	40
job posting	201307	19071	17541	13737	835	381	18487	17602	13726	591	83	5088	4756	3744	236	42	4841	4474	3425	282	23
we are hiring	201307	28076	23475	22223	1705	675	26182	22435	20065	1454	654	7362	6070	5705	588	179	7446	6192	5891	460	179
all	201308	1592684	1438626	824030	94784	14700	1265950	1208018	697527	37856	12320	410855	368738	213063	24781	3578	408055	370013	211551	24406	3835
all old	201308	126196	104577	84578	9009	2795	119221	108128	88356	5313	1670	31563	26143	21476	2262	732	30930	25760	20391	2168	601
hashtags	201308	1365470	1247399	711649	79943	11468	1233032	1179027	657948	35652	12925	369425	337979	191152	22111	2493	355649	325453	185080	20859	2712
job opening	201308	40760	37127	26722	1872	498	40977	38979	28633	986	544	10121	9153	6599	529	133	10938	9989	6773	461	46
job opportunity	201308	28155	22995	20051	2218	485	25321	23063	19880	1181	224	7593	5948	5207	590	88	7089	5439	4785	513	164
job posting	201308	17505	15489	12107	1208	156	19104	17566	13742	842	378	4381	3870	3015	345	17	4138	3612	2806	298	39
we are hiring	201308	30336	22395	21496	2937	736	28159	23432	22186	1724	671	7932	6016	5758	751	208	7385	5410	5225	709	160
all	201309	1592166	1428391	813971	108743	12916	1592684	1438626	824030	94784	14700	415001	371818	214848	29904	3184	455120	406062	226259	33599	3739
all old	201309	126523	102644	82656	10612	3803	126196	104577	84578	9009	2795	38173	31155	23755	3302	846	37023	29838	23049	3295	1234
hashtags	201309	1540912	1389703	766409	103043	9381	1365470	1247399	711649	79943	11468	431530	386950	212961	30068	2437	410580	369095	201775	29636	2753
job opening	201309	44034	39822	27788	2561	481	40760	37127	26722	1872	498	13874	12508	7925	707	175	13972	12761	8032	748	111
job opportunity	201309	27365	22749	19597	2121	515	28155	22995	20051	2218	485	7249	5882	5135	573	269	7683	6276	5311	602	188
job posting	201309	18804	15683	11879	2100	99	17505	15489	12107	1208	156	6490	4985	3562	942	19	5198	4277	3229	716	28
we are hiring	201309	28236	20381	19460	3016	1215	30336	22395	21496	2937	736	7513	5313	5072	739	554	8561	6016	5599	1013	305
all	201310	1525747	1367812	768631	100919	12279	1606357	1442345	822557	110565	13094	442158	409158	218820	21484	3710	374064	337389	190446	24702	3458
all old	201310	119017	94564	71598	10847	2412	130365	105762	84994	11016	3884	26720	21169	15844	1916	515	31969	23653	17956	2750	700
hashtags	201310	1563110	1419023	765902	104333	9060	1568514	1413728	778661	105329	9727	331571	310600	173632	15107	1950	388231	353748	191430	25696	1975
job opening	201310	46238	42132	26999	2240	713	45330	41021	28471	2641	495	12920	11688	7067	434	452	11236	9894	6428	509	416
job opportunity	201310	23545	19143	16269	1899	520	28219	23373	20148	2196	629	5828	4938	4249	425	102	6316	4991	4319	474	51
job posting	201310	18931	14929	11471	2832	129	19437	16144	12214	2206	116	4297	3487	2776	570	40	4534	3541	2795	701	52
we are hiring	201310	22308	14833	13968	2773	1008	28663	20701	19774	3088	1201	5693	3839	3562	747	241	5570	3623	3310	787	236
all	201311	1681690	1555015	810422	81061	14172	1525747	1367812	768631	100919	12279	386561	357960	192234	19435	3187	419311	387383	198550	19728	3140
all old	201311	109715	94209	70952	7107	2086	119017	94564	71598	10847	2412	36083	31266	22793	2183	744	26779	23338	17412	1642	346
hashtags	201311	1301836	1217099	658069	59300	7470	1563110	1419023	765902	104333	9060	360104	335410	178562	17168	2138	307899	287289	154983	13780	1710
job opening	201311	47330	44013	30089	1535	525	46238	42132	26999	2240	713	11842	10811	7955	416	260	11269	10495	7560	366	81
job opportunity	201311	29426	25713	23059	1649	297	23545	19143	16269	1899	520	8107	7262	6611	421	112	7910	6924	6402	383	25
job posting	201311	17268	15030	9008	1508	242	18931	14929	11471	2832	129	5719	5041	2482	420	90	5375	4795	2225	365	112
we are hiring	201311	22926	14651	13648	2842	1315	22308	14833	13968	2773	1008	5877	3962	3727	726	413	5552	3439	3191	687	277
all	201312	1501243	1376012	772145	69787	10412	1654530	1530055	797651	79638	13862	392849	353917	195807	16705	2283	420645	386822	226480	19197	3126
all old	201312	124073	106537	82327	7654	2093	109043	93648	70636	7000	2038	28671	24980	19619	1689	468	33999	28855	22881	2192	760
hashtags	201312	1380712	1288363	719393	62099	7784	1289995	1206173	651565	58698	7433	335976	315907	176628	14254	1746	389401	361388	211512	17070	2352
job opening	201312	48557	41748	29832	1514	839	46211	42972	29580	1479	495	12437	10282	7276	374	118	12718	11772	8603	424	309
job opportunity	201312	31534	28270	25661	1562	303	29383	25785	23141	1592	291	7530	6810	6228	350	101	8793	7733	7060	463	86
job posting	201312	13337	11435	7957	1230	135	17036	14870	8865	1469	262	2718	2321	1861	256	48	3077	2599	2066	328	36
we are hiring	201312	20710	12978	12093	2589	1374	22490	14405	13385	2761	1215	4738	2803	2582	559	710	5799	3750	3466	727	141
all	201401	1477379	1329905	740278	77632	10844	1501809	1376879	772895	69534	10397	341295	307787	173882	20531	3131	418313	372204	204828	23390	3732
all old	201401	125618	101968	79966	9204	3837	123092	105969	81986	7546	2097	30102	22795	19095	2637	1332	36821	29442	22866	2898	1319
hashtags	201401	1360919	1251105	685038	68555	8224	1378786	1286820	719172	61858	7744	372540	340048	178605	20634	2524	375670	343243	185070	20045	3031
job opening	201401	46929	41772	31664	1719	1722	48478	41663	29813	1517	844	10854	9787	8160	478	189	13353	12053	9204	526	326
job opportunity	201401	31308	26861	24235	1898	530	31512	28252	25642	1559	303	7932	6428	5660	586	286	8527	7074	6402	613	105
job posting	201401	15268	12902	8411	1666	105	13166	11304	7883	1204	114	3872	3104	2383	485	54	5082	4346	2566	497	29
we are hiring	201401	25157	14559	13528	3501	1428	20429	12879	12010	2553	1373	7845	4537	4166	1165	384	7902	4382	4081	1110	649
all	201402	1495225	1346725	705890	85694	14392	1474847	1329427	738679	75853	10481	405135	365255	182766	22248	3472	391749	353287	185548	22134	4013
all old	201402	122248	93780	75922	10833	4226	123911	101550	79231	8764	3578	36912	27467	21050	2979	1657	30321	24008	19812	2773	813
hashtags	201402	1649743	1507125	734135	88905	12995	1337204	1231875	677527	66260	7623	452093	415478	191857	23301	3375	429729	392102	192598	22846	2842
job opening	201402	41154	36506	29619	1962	757	46759	41653	31239	1676	1693	10513	9154	7411	496	223	10747	9413	7758	483	289
job opportunity	201402	31329	25445	22110	2448	685	30901	26714	24177	1788	499	7927	6641	5702	641	108	7768	6291	5660	625	127
job posting	201402	18278	14314	9652	1885	144	14770	12509	8124	1598	110	7027	5165	2809	485	37	4403	3674	2564	477	43
we are hiring	201402	31980	18042	16654	4393	1566	23751	13866	12873	3257	1345	8888	4666	4346	1174	448	8376	4883	4491	1097	327
all	201403	1719434	1549364	793240	92224	13532	1482895	1336743	698127	84556	14149	447226	393008	207416	22822	3070	487150	446163	223364	25834	4332
all old	201403	142750	114773	85756	11227	3607	120366	92586	74763	10614	4095	40258	32776	22878	2936	823	39761	32393	23114	2881	946
hashtags	201403	1960101	1798836	851789	99754	11516	1639573	1498487	727387	88119	12745	547615	506414	239480	27209	2511	515106	477145	226731	25559	3607
job opening	201403	47171	42768	29580	1925	757	40319	35713	28944	1942	760	14549	13603	8066	466	151	15620	13809	8621	577	331
job opportunity	201403	39671	30351	27182	2631	557	30826	25107	21814	2401	652	10028	8466	7519	668	246	9958	8454	7566	684	110
job posting	201403	23197	20006	10295	1889	273	18099	14249	9451	1814	135	6684	5887	2816	554	75	6765	5537	2772	538	86
we are hiring	201403	30614	17471	16421	4424	1680	31209	17664	16315	4253	1482	9015	4995	4676	1278	529	8638	4787	4503	1233	561
all	201404	1976927	1810349	897950	99850	12422	1719434	1549364	793240	92224	13532	520787	478587	231647	24242	3518	556557	512130	246609	27553	3655
all old	201404	154337	125286	90008	12309	3871	142750	114773	85756	11227	3607	37920	31133	22146	2990	829	41639	34003	24365	3384	900
hashtags	201404	2095239	1943237	911525	99026	9211	1960101	1798836	851789	99754	11516	524550	489392	226294	22892	1980	538999	503055	234621	24982	2103
job opening	201404	56978	52711	30246	2031	807	47171	42768	29580	1925	757	14040	13038	7106	477	175	14693	13587	7807	546	221
job opportunity	201404	34759	28126	25731	2473	1658	39671	30351	27182	2631	557	9174	6942	6463	606	1167	8680	7034	6455	631	140
job posting	201404	17607	14468	9363	1936	249	23197	20006	10295	1889	273	4131	3360	2372	459	44	4114	3355	2345	457	47
we are hiring	201404	30529	17689	16470	4401	1701	30614	17471	16421	4424	1680	7010	4221	3924	976	319	8040	4586	4308	1171	358
all	201405	2028158	1852350	888642	110250	13457	1986668	1824353	901957	100096	12475	539088	494345	225467	28819	3635	520018	472190	227463	29986	2935
all old	201405	142419	114828	83123	10313	3283	153324	124543	89509	12241	3824	35777	29870	21012	2420	752	33505	27296	20008	2530	1152
hashtags	201405	2214828	2036503	913084	114834	10324	2102084	1950485	912798	98957	9193	575467	528537	226535	29144	2306	528709	481945	222639	29191	2377
job opening	201405	57791	52413	29889	1937	766	56894	52515	30194	2045	818	13748	12536	7164	467	205	13523	12539	7016	465	130
job opportunity	201405	35530	29859	27620	2650	647	34582	27997	25658	2459	1656	8608	7193	6671	616	164	8574	7245	6703	621	163
job posting	201405	16032	13517	9452	1134	457	17459	14310	9366	1926	259	3147	2663	2010	234	29	3188	2751	1989	227	31
we are hiring	201405	31304	18624	15943	4234	1946	30161	17431	16198	4368	1721	9057	6091	4315	1051	419	7521	4185	3923	1016	670
all	201406	2298475	2121021	983474	114827	13581	2028158	1852350	888642	110250	13457	800560	742992	311896	38488	3975	570459	523704	257340	29904	3453
all old	201406	178660	151641	115548	11378	4699	142419	114828	83123	10313	3283	47742	40270	30906	3018	1512	51953	44000	34461	3296	1852
hashtags	201406	2678259	2490670	1063798	129599	12275	2214828	2036503	913084	114834	10324	699365	652900	275944	32355	2989	739629	684428	297330	37610	3110
job opening	201406	65498	59017	35430	2209	2419	57791	52413	29889	1937	766	15364	14079	8175	536	385	21021	18042	11501	721	1556
job opportunity	201406	41303	35893	33277	2612	661	35530	29859	27620	2650	647	10815	9471	8852	680	103	12332	10799	10009	774	239
job posting	201406	14862	12841	10594	1044	244	16032	13517	9452	1134	457	3592	3132	2605	245	78	4117	3512	3007	311	107
we are hiring	201406	38765	27539	25028	3995	1501	31304	18624	15943	4234	1946	10653	7738	7254	1052	338	11765	8366	7638	1184	528
all	201407	3046634	2827363	1137509	136454	17244	2363196	2180423	1005975	117679	13978	825429	768181	295453	33609	4738	797032	742423	291452	36001	3750
all old	201407	186796	152622	108597	12265	6723	183023	155026	118143	11684	4877	50579	42201	29213	3226	943	52883	41919	29280	3671	1670
hashtags	201407	2626047	2454068	1007471	113264	10017	2715970	2525083	1077559	131132	12471	697678	656617	262185	27626	2278	690329	647742	258494	29884	2350
job opening	201407	71845	64865	32995	2657	2488	66635	60051	36022	2252	2420	20253	18533	8962	754	285	19980	17438	8644	675	1415
job opportunity	201407	41420	35621	33070	2674	745	42111	36505	33890	2670	740	10934	9308	8679	751	134	11079	9551	8908	711	201
job posting	201407	15140	12853	10005	1051	204	15171	13119	10824	1062	245	4709	3875	2907	329	82	4134	3569	2662	283	48
we are hiring	201407	57332	38086	30819	5600	2141	40215	28511	25936	4101	1610	15906	11997	9150	1522	353	22345	13669	10475	1994	619
all	201408	3348370	3138393	1200871	124544	17467	3039583	2823212	1131894	135214	17274	921421	872432	333912	29688	5666	930094	877856	320760	33107	4277
all old	201408	235745	205512	152230	12239	4405	186527	152415	108027	12241	6608	76991	69039	53198	3221	1183	71465	62807	47160	3359	1487
hashtags	201408	3063319	2894974	1109635	108083	10002	2621850	2451471	1003854	112248	9924	893945	852991	319923	27408	2110	872648	828846	300271	29356	2203
job opening	201408	84956	78444	48263	2716	1908	72442	65435	33106	2666	2490	27470	25485	17960	664	809	23570	21606	13932	739	795
job opportunity	201408	49062	43395	40988	2594	1018	41293	35568	33001	2661	671	15785	14605	13931	606	155	13745	12143	11530	689	333
job posting	201408	14692	12549	9262	1143	137	15236	12924	10018	1066	207	3382	2981	2285	241	19	3359	2892	2203	295	24
we are hiring	201408	74613	60298	49626	4998	1748	57359	38323	30864	5618	2090	25547	21323	17652	1351	301	25561	22059	18454	1344	511
all	201409	3594679	3383982	1316969	113280	14778	3348370	3138393	1200871	124544	17467	865584	794632	316552	28110	3604	916968	857490	337968	32003	3979
all old	201409	263564	231415	176035	12648	5661	235745	205512	152230	12239	4405	62160	53638	39709	3458	1514	63244	53898	40741	3559	2118
hashtags	201409	3095205	2918691	1167693	93222	10075	3063319	2894974	1109635	108083	10002	867222	793436	306952	27111	3211	665067	627948	269537	22538	2550
job opening	201409	103978	98291	66398	2621	886	84956	78444	48263	2716	1908	30452	28922	18151	766	326	27251	25186	16884	764	390
job opportunity	201409	65496	59387	55103	2768	773	49062	43395	40988	2594	1018	13068	11829	10817	597	203	14724	13166	12171	754	141
job posting	201409	17409	14664	10792	1238	217	14692	12549	9262	1143	137	4975	4374	3229	372	54	5040	3938	2839	328	35
we are hiring	201409	55074	43305	37120	4476	1852	74613	60298	49626	4998	1748	7572	4529	4284	1126	572	8857	5766	5119	1147	397
all	201410	5050162	4795911	1586560	127952	21400	3616721	3403243	1321853	114388	14956	1334019	1261266	422020	35566	5015	1364131	1292963	427062	33360	5698
all old	201410	239034	207943	160127	10525	5822	264931	231847	176244	12932	5785	81561	70416	53009	3650	2268	36188	31597	23841	1498	796
hashtags	201410	4394181	4217246	1440744	105346	12752	3129355	2951142	1175204	94412	10345	1026345	982981	358156	25953	2785	1202608	1154461	392367	27757	3389
job opening	201410	90912	84650	62188	2367	1545	105356	99560	67109	2684	911	3169	2669	2241	174	195	6626	5209	4147	428	288
job opportunity	201410	54545	48337	44090	2442	666	65318	59135	54792	2800	795	8419	7635	7026	277	221	12306	10388	9221	633	228
job posting	201410	16362	13444	9839	1084	733	17867	15062	11036	1276	219	2036	1738	1275	136	20	4300	3395	2426	283	311
we are hiring	201410	27851	14725	13912	3609	2186	54341	42346	36405	4557	1887	4112	2046	1938	525	311	10184	5118	4755	1314	983
all	201411	349536	329923	135326	11626	1922	5050162	4795911	1586560	127952	21400	0	0	0	0	0	0	0	0	0	0
all old	201411	27689	24079	15660	1283	638	239034	207943	160127	10525	5822	0	0	0	0	0	0	0	0	0	0
hashtags	201411	255102	241592	104559	8162	565	4394181	4217246	1440744	105346	12752	0	0	0	0	0	0	0	0	0	0
