#Field:candidate	AggregationKey	Score	AverageScore	NumTweets	NumTweetsWeighted	NumPositive	NumNegative	NumNeutral	FanCount	NumDistinctTweets	NumDistinctUsers	NumPopularTweets	NumVerifiedTweets
all	201012	-283.222643953595	-0.0246602215022721	11485	67928.2284146036	2865	296	8324	0	11258	1822	43	0
all	201101	-33912.3545095653	-0.0182535580176674	1857849	9831137.70773165	426689	57537	1373623	0	1809931	78936	14769	3462
all	201102	19351.8129049679	0.0107823178223474	1794773	10565320.5052419	465464	63107	1266202	0	1731932	80101	15213	8861
all	201103	-5179.33865621294	-0.0194165978984395	266748	1523829.97206086	65693	12141	188914	0	250937	24993	3728	4435
all	201104	-46784.7963700933	-0.0319017192091621	1466529	8472156.89885391	356792	59902	1049835	0	1410787	70031	11298	8225
all	201105	-19923.0600530763	-0.0252261841672729	789777	4561299.88701867	194560	26322	568895	0	757346	47328	4990	2387
all	201106	10546.7065311126	0.0129724989773896	813005	4653050.7339963	211869	25971	575165	0	737692	55373	9506	5094
all	201107	58426.2240541472	0.0405452723878408	1441012	NaN	402557	46693	991762	0	1325085	86008	19504	6559
all	201108	9050.9541072273	0.00550211648499071	1644995	9345374.62857814	431757	55269	1157969	0	1549489	98558	18503	9919
all	201109	-45762.9758146787	-0.0281462598935596	1625899	9315037.28229442	396189	59872	1169838	0	1522798	94920	17962	18726
all	201110	-33109.3087965058	-0.0297770753971161	1111906	6492971.59931725	269386	42233	800287	0	1038126	76884	13500	20125
all	201111	-34215.4873372454	-0.0312808151064075	1093817	6196508.30522988	263173	31831	798813	0	1035402	69470	11467	6947
all	201112	59299.9035124641	0.0227335176984228	2608479	14257060.8955563	747791	109447	1751241	0	2504209	116090	22760	3023
all	201201	-41280.3822466877	-0.0100619683413354	4102615	20324977.0512903	1149646	207078	2745891	0	3572701	189913	62465	18122
all	201202	216559.980951994	0.0581030752702639	3727169	19881332.5787633	1051969	164875	2510325	0	3015041	172877	82160	22838
all	201203	335249.55298885	0.0552979102374506	6062608	28189286.0454013	1258830	235988	4567790	0	3653481	197405	79991	26593
all	201204	390595.232852962	0.0831220284688892	4699058	23238090.035621	1346246	562501	2790311	0	3032968	217860	81065	21756
all	201205	427361.705693527	0.0407639767624061	10483808	44689988.9367915	2324007	1052627	7107174	0	3180485	211598	96416	29359
all	201206	375267.014069017	0.0800641025842981	4687082	22722887.7401947	2008555	159734	2518793	0	2677368	209569	74640	20442
all	201207	418395.825320479	0.0608118264078977	6880172	24733388.0839752	3930354	323901	2625917	0	2979714	253857	87647	21075
all	201208	373874.133592084	0.0475541296149024	7862075	NaN	3259235	249436	4353404	0	3666923	284763	128654	30567
all	201209	490254.584199066	0.0348573081493076	14064614	47549052.6921682	2481403	344166	11239045	0	3439606	269007	157822	35613
all	201210	447766.229874166	0.0454733889902193	9846775	34959556.0276536	4463487	325968	5057320	0	3698666	323534	180867	41800
all	201211	369846.419479935	0.0280459683429677	13187151	49153086.3539067	5380159	747515	7059477	0	3165720	322042	146708	37962
all	201212	406231.817609101	0.116908913047849	3474772	NaN	1180111	244084	2050577	0	2793743	198472	62187	21649
all	201301	625765.651043675	0.173275903177169	3611383	NaN	1352482	176364	2082537	0	3274263	315877	49727	28547
all	201302	541017.467551572	0.161816989861961	3343391	NaN	1228141	179987	1935263	0	3047762	317799	74326	45931
all	201303	530778.769718049	0.157744850788161	3364793	NaN	1227035	178995	1958763	0	3076378	325247	87067	30716
all	201304	493344.641402585	0.139210705077383	3543870	NaN	1227201	147293	2169376	0	3246577	259292	86847	35563
all	201305	520511.1955423	0.144528511361224	3601443	NaN	1263957	156179	2181307	0	3293852	257739	85776	64777
all	201306	386971.636514961	0.130120205757976	2973955	NaN	1033639	135791	1804525	0	2708676	249990	82763	66396
all	201307	315468.084171222	0.108130444274701	2917477	NaN	981764	144017	1791696	0	2604113	259435	108973	83027
all	201308	302492.789423637	0.0894213339331268	3382781	NaN	1131920	168438	2082423	0	2937891	263305	209407	76965
all	201309	271886.70546322	0.0777612545437703	3496429	19929077.4185664	1147195	162575	2186659	0	2987589	239664	250582	76877
all	201310	399774.084732456	0.118118224782638	3384525	NaN	1184985	164153	2035387	0	2926394	154218	212255	71799
all	201311	416864.997719049	0.131225593096951	3176705	NaN	1144785	148172	1883748	0	2830118	137152	156581	62603
all	201312	398849.144555139	0.127889387564559	3118704	NaN	1102657	136436	1879611	0	2769020	161251	144743	60241
all	201401	454508.145865681	0.134071656953115	3390039	NaN	1230693	171378	1987968	0	2916048	161941	193017	91743
all	201402	436699.387865409	0.13225924297617	3301844	NaN	1222901	173602	1905341	0	2850892	146118	191134	87619
all	201403	548561.692503813	0.129283691583792	4243085	NaN	1523094	234862	2485129	0	3681158	159183	228853	87921
all	201404	568332.147678842	0.126756836169274	4483641	NaN	1618535	239991	2625115	0	3928731	157796	229377	87462
all	201405	605921.455539278	0.125930249610995	4811564	27189385.013379	1742950	258505	2810109	0	4205967	158154	258049	88885
all	201406	625002.373121241	0.109389154574032	5713568	NaN	2002129	288717	3422722	0	5059142	256004	283090	106328
all	201407	785620.411606513	0.124610014826638	6304633	35266385.0134347	2287836	330368	3686429	0	5598485	164631	282692	115741
all	201408	890559.184743794	0.119731564311447	7437965	38378308.0765542	2619886	382065	4436014	0	6758617	154989	262535	126007
all	201409	936566.370134654	0.133076979276367	7037779	NaN	2506139	430334	4101306	0	6380401	147107	228728	99742
all old	201012	176.310878750561	0.258141842973004	683	3997.14037478557	239	3	441	0	594	292	2	0
all old	201101	1900.58196226156	0.00565519795243815	336077	832617.695403688	46886	2709	286482	0	313421	42491	3551	1095
all old	201102	63267.0319338173	0.413310111017007	153074	831124.719394709	60035	2923	90116	0	125323	40540	3357	1208
all old	201103	4832.79671899815	0.212262680911725	22768	133916.873661635	7709	664	14395	0	17789	8073	729	819
all old	201104	23231.0357077979	0.214929045193204	108087	628339.786922658	35972	2129	69986	0	89192	30764	2190	1271
all old	201105	13382.7206556611	0.231015374687745	57930	328615.853741389	19961	1152	36817	0	47998	19116	925	357
all old	201106	11482.5984712614	0.175607121662406	65388	366478.376592219	21664	1372	42352	0	52256	21792	1782	1378
all old	201107	19320.4787388807	0.145263480815325	133003	707446.272425638	40398	2679	89926	0	108113	34208	2695	1699
all old	201108	24058.5882087172	0.163209764727508	147409	794113.262382724	46241	4637	96531	0	124498	40499	3231	2487
all old	201109	27976.0557412278	0.21350226461245	131034	729506.171607573	45366	3853	81815	0	108302	36061	2946	3946
all old	201110	13503.9487314781	0.16058732482047	84091	481029.200021205	27158	2147	54786	0	68104	26362	2359	3197
all old	201111	13645.8829570992	0.164186675294774	83112	455439.249004568	27269	1812	54031	0	68935	25505	2296	1664
all old	201112	-5788.60256035867	-0.022210124584596	260629	1015868.48708845	70638	5885	184106	0	231275	52982	4567	988
all old	201201	-228564.996706908	-0.255667546286054	893993	2198726.55098123	161308	38057	694628	0	715212	99018	17059	6274
all old	201202	47066.3346653422	0.0633068957908358	743463	3002449.36775392	183985	38405	521073	0	386853	88971	28003	9394
all old	201203	135989.838399446	0.0493738988614274	2754286	10362746.7875908	320293	22293	2411700	0	903905	104819	27624	7792
all old	201204	203374.713567124	0.195441170147333	1040593	4393033.6011298	381107	48618	610868	0	422587	90451	27726	9940
all old	201205	238352.67366658	0.128714603835949	1851792	7360092.56692199	1037794	50053	763945	0	392538	90055	31268	11811
all old	201206	190662.108291551	0.296431554999295	643191	3225188.87543271	232413	15586	395192	0	310041	88084	24944	6897
all old	201207	197213.825198986	0.0719835986717498	2739705	4113713.01353492	2281383	127139	331183	0	330723	91953	29214	7502
all old	201208	90425.9095290065	0.153978819554145	587262	NaN	225087	20573	341602	0	272577	76190	32060	12174
all old	201209	214731.306450071	0.0721047890310828	2978045	8339309.96578907	346515	14857	2616673	0	360006	75081	36890	15494
all old	201210	206650.791655776	0.0961337277859489	2149618	8873043.99732237	347965	12400	1789253	0	381664	88118	43586	21387
all old	201211	169387.194768128	0.143010001129753	1184443	6289194.02170787	792118	14155	378170	0	330713	89839	37176	10795
all old	201212	172028.511981392	0.423720764988218	405995	NaN	172856	18923	214216	0	301127	73011	13924	10236
all old	201301	288392.275022224	0.530962487383271	543150	NaN	306698	11304	225148	0	410955	134957	12981	15572
all old	201302	216639.899300984	0.471812745529351	459165	NaN	225751	18620	214794	0	373860	117269	15309	29145
all old	201303	218102.815878804	0.489729105113694	445354	NaN	225056	20111	200187	0	377792	103063	16461	14909
all old	201304	219472.343147419	0.474848966337553	462194	NaN	215214	17093	229887	0	391030	113174	16331	16034
all old	201305	245670.902386975	0.491075641776107	500271	NaN	243462	15063	241746	0	424977	127131	16945	20415
all old	201306	166035.241725431	0.400491201255805	414579	NaN	192016	14189	208374	0	341762	113863	16353	21239
all old	201307	157872.282597354	0.362798016778858	435152	NaN	198714	13168	223270	0	343721	121398	21913	23566
all old	201308	145071.625689297	0.305071626342013	475533	NaN	211602	14166	249765	0	351833	121951	35692	32377
all old	201309	144959.794756837	0.298183445522896	486143	3092665.66937131	214839	14127	257177	0	349366	112450	41283	38895
all old	201310	143446.943170653	0.331446990851574	432790	NaN	200658	13826	218306	0	306599	74452	36377	36866
all old	201311	161028.824441816	0.344878242167882	466915	NaN	221631	10840	234444	0	361773	71590	29255	32601
all old	201312	166299.639306105	0.38075051126938	436768	NaN	212519	11971	212278	0	341018	63240	25119	29739
all old	201401	180042.136706989	0.348944567055304	515962	NaN	251482	16062	248418	0	360558	88789	40255	50561
all old	201402	147953.474427275	0.324359078502645	456141	NaN	225506	11862	218773	0	309617	79319	37704	47437
all old	201403	231104.458043427	0.390851210572612	591285	NaN	292053	18882	280350	0	431845	88049	42767	46867
all old	201404	231838.563669432	0.394724315552295	587343	NaN	292706	17563	277074	0	426343	86108	42982	52409
all old	201405	249640.838088726	0.420182348981655	594125	3812112.71418813	305645	18370	270110	0	437219	87863	41866	48036
all old	201406	290191.034868205	0.410148354576157	707527	4605503.83867314	350356	16340	340831	0	535969	138928	42954	62562
all old	201407	331278.805599996	0.449868691318453	736390	4727349.00781288	394298	16850	325242	0	549600	92483	47784	68912
all old	201408	512904.610155471	0.494764562245309	1036664	5558298.49685788	562320	16630	457714	0	833984	86854	47829	86271
all old	201409	454118.48838873	0.521288611080955	871146	4845007.6206538	479637	22085	369424	0	703931	82236	41417	60428
hashtags	201012	-370.189679207443	-0.0338660396310898	10931	64763.4695273284	2693	293	7945	0	10876	1604	42	0
hashtags	201101	-23631.5131805478	-0.0153351506652147	1541003	9118273.24352433	389448	54980	1096575	0	1522511	43916	11958	2551
hashtags	201102	-33433.5214517599	-0.0201082963708197	1662673	9860668.01224333	414995	60304	1187374	0	1636412	47562	12664	7797
hashtags	201103	-8560.18754209767	-0.0346560684932133	247004	1408353.98799821	59401	11505	176098	0	238332	18415	3165	3664
hashtags	201104	-62438.7529513679	-0.0454448376802057	1373946	7937152.12483328	328079	57890	987977	0	1350529	45390	9702	7126
hashtags	201105	-30231.3242089704	-0.0409205491329236	738781	4273662.64749797	177648	25235	535898	0	723968	31848	4264	2100
hashtags	201106	1458.45679245847	0.00191472655747103	761705	4359830.18942588	194457	24668	542580	0	702137	38336	8091	3848
hashtags	201107	41678.0131570631	0.031001084611455	1344405	NaN	371457	44123	928825	0	1261881	59680	17415	5035
hashtags	201108	-9294.14704922669	-0.00601532547174103	1545078	8789963.92176902	398643	51131	1095304	0	1480679	67656	16006	7680
hashtags	201109	-67638.0931822924	-0.0440948425587806	1533923	8779847.28665565	362164	56282	1115477	0	1459617	67764	15693	15123
hashtags	201110	-44328.6667673234	-0.0421547464907932	1051570	6131602.25556562	248526	40256	762788	0	996679	56940	11673	17187
hashtags	201111	-46023.9685650911	-0.0444899549194678	1034480	5860650.73085881	241919	30155	762406	0	992964	50337	9684	5431
hashtags	201112	78549.9991665823	0.0327441058176886	2398905	13492116.8706461	695853	104140	1598912	0	2331003	74947	19089	2259
hashtags	201201	209490.600363576	0.0637954678407924	3283785	18505893.2228738	1017429	170048	2096308	0	2941456	109953	47525	12417
hashtags	201202	189679.28776114	0.0618049967354599	3068996	17322068.1272211	898302	127410	2043284	0	2711987	102916	57456	14194
hashtags	201203	219264.187457967	0.0647896143156035	3384249	18222060.828116	966734	214816	2202699	0	2857881	111239	55295	19344
hashtags	201204	204953.662276485	0.0545803426600232	3755082	19359155.8208695	998463	515599	2241020	0	2758687	148050	56501	12655
hashtags	201205	208772.600178236	0.02387961813884	8742711	37916904.2456382	1327845	1004484	6410382	0	2974168	143912	68733	18524
hashtags	201206	200511.735149237	0.0484545088690092	4138144	19967111.4064507	1803921	145250	2188973	0	2522334	138659	52361	14211
hashtags	201207	242005.778264327	0.0462561294147414	5231864	21258833.4410689	2687086	198274	2346504	0	2805347	182219	62609	14554
hashtags	201208	308733.470699132	0.0417823230400716	7389093	NaN	3079503	229934	4079656	0	3504712	230694	101980	20214
hashtags	201209	296613.200695824	0.0223655872342234	13262035	43587300.3078588	2171698	331315	10759022	0	3261264	216499	127947	23727
hashtags	201210	265838.751764865	0.0340601626148325	7804976	26686407.0739086	4157239	314320	3333417	0	3510573	259079	143247	22239
hashtags	201211	225100.445837248	0.0186108961940874	12095089	43372842.124598	4625840	734269	6734980	0	2987853	254996	114269	28536
hashtags	201212	256180.099257593	0.0814192390802002	3146432	NaN	1037719	225694	1883019	0	2640469	143687	50659	12877
hashtags	201301	368736.78531664	0.116629065262948	3161620	NaN	1084911	165887	1910822	0	3055312	218354	39127	14800
hashtags	201302	365062.418339812	0.122308022918887	2984779	NaN	1051819	162363	1770597	0	2848524	226493	62088	18943
hashtags	201303	379267.428589877	0.12429773078656	3051282	NaN	1079271	160240	1811771	0	2899481	246837	74060	17526
hashtags	201304	308688.145103109	0.0968653109719032	3186777	NaN	1056487	131094	1999196	0	3043096	173437	73622	22337
hashtags	201305	313101.769592585	0.0974837046813349	3211837	NaN	1067540	141907	2002390	0	3071193	159800	71745	46920
hashtags	201306	255992.136939751	0.0956787878245566	2675537	NaN	888565	122499	1664473	0	2525840	162507	69821	47358
hashtags	201307	194162.873326772	0.0743447350366098	2611656	NaN	834605	131867	1645184	0	2411209	166625	92494	61903
hashtags	201308	194579.132550588	0.063687145583804	3055234	NaN	978476	155480	1921278	0	2748485	169331	182261	48975
hashtags	201309	151297.943793171	0.0481726903915896	3140741	17601889.7709411	979458	149645	2011638	0	2799844	149080	218622	41170
hashtags	201310	285148.179050353	0.092606495405647	3079138	NaN	1032621	151568	1894949	0	2783511	93640	183599	38946
hashtags	201311	325109.267431054	0.111596723876883	2913251	NaN	1014873	139608	1758770	0	2698721	85764	133635	34177
hashtags	201312	309372.168227427	0.107643729215629	2874038	NaN	985432	126766	1761840	0	2650606	115489	124988	33239
hashtags	201401	342578.193758557	0.112337735669651	3049538	NaN	1066511	157195	1825832	0	2754574	95058	159735	45987
hashtags	201402	345135.321293287	0.115148164705174	2997315	NaN	1071977	163180	1762158	0	2704713	87370	160805	44733
hashtags	201403	418480.418839776	0.108460641805973	3858362	NaN	1340411	217861	2300090	0	3516102	93880	194594	46038
hashtags	201404	431953.496537745	0.105725245950922	4085623	NaN	1433922	224151	2427550	0	3764354	93890	195791	46050
hashtags	201405	461541.924705992	0.104446558137954	4418929	24465964.9427051	1553181	241937	2623811	0	4044409	92545	226116	48557
hashtags	201406	450239.094438221	0.0860803250575469	5230453	NaN	1776801	274506	3179146	0	4835385	152401	251136	50261
hashtags	201407	605494.426303175	0.103583124007363	5845493	31898762.1087384	2054994	316177	3474322	0	5427295	94635	245879	53225
hashtags	201408	720555.840751061	0.103302564421979	6975198	34867234.7518434	2402821	369431	4202946	0	6580732	90723	228550	47136
hashtags	201409	775691.408914335	0.117027714907	6628271	NaN	2306478	411036	3910757	0	6218246	87221	198516	52585
job opening	201012	46.5272087789968	0.21441110036404	217	1370.72112304503	65	0	152	0	175	73	1	0
job opening	201101	2581.70544187336	0.0666728330632032	38722	233520.921687855	9801	831	28090	0	31637	9894	863	234
job opening	201102	-2143.87597561024	-0.045062131654831	47576	285099.821922113	10030	1205	36341	0	36382	12221	1018	346
job opening	201103	-469.122110244876	-0.0740875095143518	6332	37549.2951361432	1291	151	4890	0	4913	1820	182	172
job opening	201104	-2151.67458924833	-0.056351637881998	38183	221093.468629337	7438	653	30092	0	31178	8694	649	646
job opening	201105	-1694.59947575099	-0.0858285796065127	19744	111194.817153206	3941	407	15396	0	16284	5703	230	127
job opening	201106	-3166.08058341015	-0.12471267118644	25387	135037.653016584	4548	470	20369	0	20560	6125	374	302
job opening	201107	-8841.17994008351	-0.150647150015054	58688	286440.98446363	9508	866	48314	0	47050	9044	625	166
job opening	201108	-9789.70176914883	-0.150796392007838	64920	333229.116242587	10365	2402	52153	0	56710	11523	726	1174
job opening	201109	-5197.56484283101	-0.0997613213595204	52100	269423.759934706	9481	1758	40861	0	44968	9127	642	1321
job opening	201110	-3740.5928073347	-0.108259805722815	34552	181396.810709631	6640	664	27248	0	29494	7282	549	382
job opening	201111	-3951.91257652707	-0.106791130533618	37006	194283.635941428	6985	650	29371	0	31700	7269	496	701
job opening	201112	-1101.38664942531	-0.0133910447600587	82248	421610.302507676	19263	2602	60383	0	68767	14274	963	379
job opening	201201	-109325.019709513	-0.447547117643621	244276	621067.422761605	30895	3222	210159	0	216353	25206	3237	816
job opening	201202	2084.00559462286	0.00861664941669432	241858	1173346.14398685	40915	4503	196440	0	96027	22978	6400	2070
job opening	201203	-3887.33222740809	-0.00212380630236772	1830361	8304817.12829047	37623	6232	1786506	0	172671	34439	7112	2097
job opening	201204	10423.6901544631	0.0197203989497461	528574	2110295.328684	142933	17941	367700	0	156693	24520	5939	2612
job opening	201205	36324.4896608466	0.115346965564824	314915	1399782.45313414	104716	17623	192576	0	201706	25088	6038	5580
job opening	201206	27826.7390464007	0.0926162549971399	300452	1444819.00018937	59265	5385	235802	0	143450	28588	6525	3165
job opening	201207	32131.3366147609	0.114314662174773	281078	1299235.44921862	87079	32620	161379	0	155118	28566	5769	2145
job opening	201208	15547.5386094085	0.0574942537669635	270419	1198480.85873305	89442	2541	178436	0	128341	18409	7068	4136
job opening	201209	35869.6427339976	0.0153007642072008	2344304	5024467.10305946	113214	4732	2226358	0	169258	18767	9156	4861
job opening	201210	24761.2449058559	0.0156933467014927	1577818	5804311.90075104	75837	3347	1498634	0	173288	22287	11645	9487
job opening	201211	16503.1339339209	0.0590283065094818	279580	1331714.05713335	59609	4165	215806	0	143675	21871	7892	2379
job opening	201212	18187.7539889106	0.105967011518041	171636	NaN	41227	8169	122240	0	129349	18794	3315	2926
job opening	201301	22684.5263642321	0.132943371822755	170633	NaN	49316	2716	118601	0	155689	23676	2449	4037
job opening	201302	28030.1580937596	0.166295819156598	168556	NaN	56936	3090	108530	0	148167	32241	3247	9126
job opening	201303	17154.2225041687	0.118234042361953	145087	NaN	40788	2951	101348	0	130069	22632	3212	3004
job opening	201304	19542.1729594846	0.118825575422043	164461	NaN	45930	2592	115939	0	148192	24235	3083	4139
job opening	201305	13262.4324712909	0.0843489119414559	157233	NaN	42523	4064	110646	0	140575	27197	2970	3782
job opening	201306	4521.55300758517	0.0320948389604359	140881	NaN	34869	3808	102204	0	122468	26417	3340	5548
job opening	201307	7365.35930765055	0.0510501279320373	144277	NaN	38475	4120	101682	0	124052	26043	4301	5695
job opening	201308	5437.97167501428	0.0339326066406312	160258	885283.701875539	40121	2677	117460	0	132611	25793	8376	9085
job opening	201309	16505.7784842893	0.0945851942001714	174507	1071660.37071416	49820	2888	121799	0	142219	24786	10101	10293
job opening	201310	19739.36467153	0.117212953644941	168406	NaN	49094	3310	116002	0	137849	17320	7764	8218
job opening	201311	13731.6846398295	0.0831593316568022	165125	1005820.73586066	46163	3491	115471	0	140235	22061	5704	8049
job opening	201312	16912.121352739	0.0950252639569544	177975	1122024.0733792	48880	5167	123928	0	145323	22776	5593	11405
job opening	201401	11325.4386251249	0.0604426344236154	187375	NaN	48054	5960	133361	0	145412	27961	7935	19397
job opening	201402	3178.86911957216	0.0224064418146663	141873	NaN	36520	2901	102452	0	112200	22833	7062	10199
job opening	201403	26343.6004639351	0.124060959876121	212344	NaN	61605	4262	146477	0	174993	25355	8276	12985
job opening	201404	41731.1081379695	0.172123952921738	242448	1642058.48104997	74171	5628	162649	0	202019	25163	8393	16365
job opening	201405	42249.1237840065	0.182098873265204	232012	1532762.62946832	73440	6100	152472	0	196266	24640	8137	10439
job opening	201406	47322.1855243258	0.168442320510877	280940	2005528.88198726	90426	4638	185876	0	225096	36139	10138	27968
job opening	201407	62135.9260817079	0.222111542341968	279751	1993547.95059921	96692	4117	178942	0	229966	24158	11209	24232
job opening	201408	36652.8746641441	0.099494489996075	368391	2458658.47489407	91539	4811	272041	0	290872	27111	10913	50009
job opening	201409	106789.930955446	0.275739197790382	387286	2133561.40600038	137287	4847	245152	0	343150	26056	10273	15403
job opportunity	201012	204.967621685993	1.16458875957951	176	1003.66656150735	136	3	37	0	142	75	1	0
job opportunity	201101	32364.6680711118	1.04375219527579	31008	180361.382435502	22426	667	7915	0	25634	11602	596	150
job opportunity	201102	35525.7950923482	1.03803749101064	34224	193691.695068161	24247	641	9336	0	27661	12292	609	252
job opportunity	201103	5679.77297214221	1.0429256283772	5446	33669.7092811894	4002	188	1256	0	4249	2693	148	167
job opportunity	201104	25780.2890327468	1.02201344034675	25225	139858.782296602	18055	645	6525	0	20606	10015	433	181
job opportunity	201105	14984.7682649472	1.05001529429943	14271	76650.016319054	10286	327	3658	0	11431	5788	166	60
job opportunity	201106	14100.3511846507	1.01675448403884	13868	76052.289357364	9834	382	3652	0	10968	6522	376	193
job opportunity	201107	28355.0970385085	1.04894558443728	27032	141203.669854631	19549	903	6580	0	21950	11089	630	315
job opportunity	201108	33891.3989321473	0.988750442925206	34277	176417.81072548	23704	1043	9530	0	27283	13170	770	196
job opportunity	201109	33508.4871665906	1.04828678762993	31965	169997.783725789	23658	987	7320	0	25126	12492	647	387
job opportunity	201110	17281.3978257191	0.974698128918165	17730	94303.9105821618	12303	635	4792	0	14112	8669	536	245
job opportunity	201111	16078.6952584041	0.925978764017741	17364	92982.2012776524	12007	555	4802	0	13921	8598	563	359
job opportunity	201112	44013.7250839973	1.05290955179171	41802	213723.485692969	32439	1274	8089	0	34196	17622	1131	331
job opportunity	201201	75811.0067185279	0.937582016850874	80858	391457.640510748	60553	2285	18020	0	58863	29317	3642	973
job opportunity	201202	68959.9518535795	0.677552632725928	101778	520670.425660803	62090	7505	32183	0	55954	27704	6103	1922
job opportunity	201203	129782.945274184	0.825790873583845	157162	834644.062454771	107617	4364	45181	0	84222	29523	6126	1987
job opportunity	201204	169463.198126665	0.76662141996754	221052	1160908.53431292	156200	21666	43186	0	99420	29450	7053	3319
job opportunity	201205	189634.665633143	0.207604268282906	913443	3549584.19439645	869949	15964	27530	0	113995	32838	9204	2044
job opportunity	201206	153574.720795974	0.993792439178268	154534	768703.826891292	107721	4330	42483	0	99235	32850	6142	1397
job opportunity	201207	155635.475720702	0.0697493743574871	2231353	1533477.87704552	2117600	89785	23968	0	99027	31986	9077	1292
job opportunity	201208	65948.5850310152	0.649074692246518	101604	NaN	72188	4230	25186	0	55600	25895	7372	1420
job opportunity	201209	165826.104872031	0.930802030108957	178154	1023348.32318794	153053	5369	19732	0	98965	25839	9156	3185
job opportunity	201210	167240.982700321	0.643655400455378	259830	1308929.57784859	203626	3532	52672	0	103051	30596	10279	3601
job opportunity	201211	134694.117580205	0.974801105692775	138176	783255.142955448	109287	6461	22428	0	90138	31521	9423	1851
job opportunity	201212	141754.995532719	1.27765906436938	110949	NaN	90336	6250	14363	0	88814	26004	4094	2178
job opportunity	201301	243812.893342658	1.07342722760763	227135	NaN	206034	3249	17852	0	142067	65083	3805	3191
job opportunity	201302	158137.022082847	1.21794701193668	129839	NaN	102195	11178	16466	0	104820	39894	4387	4326
job opportunity	201303	139909.730937698	1.13577843662893	123184	NaN	94671	11341	17172	0	102716	39436	5419	3367
job opportunity	201304	171316.335099097	1.23903443434465	138266	NaN	110701	8290	19275	0	118056	41455	5424	3013
job opportunity	201305	198264.949999014	1.2315434594849	160989	NaN	133426	6258	21305	0	135876	48018	5803	7182
job opportunity	201306	129276.159260842	1.12277366042072	115140	NaN	90739	5873	18528	0	95035	40514	5174	3493
job opportunity	201307	116303.87724174	1.03337133704499	112548	651623.497960894	89437	4890	18221	0	87563	42630	6269	4885
job opportunity	201308	103827.099071019	0.874326103115078	118751	NaN	89932	6423	22396	0	84879	41861	9730	8837
job opportunity	201309	94099.9873673582	0.826293772214733	113882	721017.118944355	83691	6375	23816	0	76587	37313	8898	11182
job opportunity	201310	92091.5227490395	0.902486454097719	102042	629611.566491597	81998	4957	15087	0	68590	27935	7681	9105
job opportunity	201311	114117.824693206	0.815686647223856	139904	NaN	104074	3712	32118	0	114289	30911	7632	5823
job opportunity	201312	122084.436356256	0.872548985157317	139917	752377.005766913	109656	3653	26608	0	115680	26895	6359	6750
job opportunity	201401	131768.887684772	0.912451096063843	144412	NaN	118749	5711	19952	0	108246	35932	9780	9143
job opportunity	201402	112420.162435591	0.856247524148791	131294	NaN	109768	4553	16973	0	88586	32460	9860	15390
job opportunity	201403	164678.144669685	0.973827613005517	169104	983285.200696452	138976	9329	20799	0	126216	35649	10806	11912
job opportunity	201404	158250.700464861	0.941497706294833	168084	NaN	141635	6990	19459	0	122703	34910	11717	16827
job opportunity	201405	167451.935654143	0.990535075918315	169052	954675.206989751	144152	5711	19189	0	127496	36649	12551	11256
job opportunity	201406	189533.695349245	1.000505153925	189438	1072466.96375381	156602	5014	27822	0	149012	48548	11998	12296
job opportunity	201407	180231.877495474	1.04313532023842	172779	965984.112097952	149591	3764	19424	0	133953	36355	11308	10941
job opportunity	201408	293620.577119873	1.08990158581398	269401	1258096.26004587	241989	5025	22387	0	224934	33684	12092	14318
job opportunity	201409	270880.463545691	1.0826903479955	250192	1293933.41300349	225352	7089	17751	0	202108	33075	11013	20647
job posting	201012	-91.2470794836926	-0.353670850711987	258	1442.7871798088	18	0	240	0	253	133	0	0
job posting	201101	-4642.46651449239	-0.134012658463495	34642	197643.391754972	5989	764	27889	0	30913	7141	462	106
job posting	201102	-5585.19322428469	-0.156469904028146	35695	207869.823518068	5390	712	29593	0	32574	6670	423	99
job posting	201103	-977.388267263235	-0.149356397809174	6544	38527.3598670735	819	242	5483	0	5665	1581	85	180
job posting	201104	-5197.06588135646	-0.159909719426353	32500	192262.503063046	3593	484	28423	0	29794	5055	239	72
job posting	201105	-2635.03634781967	-0.162797253664875	16186	98112.7150342815	2191	272	13723	0	14690	3320	113	9
job posting	201106	-2311.95300502932	-0.167544967391066	13799	77545.3356864185	2191	311	11297	0	12456	3635	188	91
job posting	201107	-5127.9434035151	-0.18481739362485	27746	158202.787546379	4047	619	23080	0	25330	5909	314	174
job posting	201108	-5154.42100579871	-0.190326453208726	27082	159549.455123166	3975	567	22540	0	24874	5782	351	319
job posting	201109	-5780.15923435441	-0.229617416849577	25173	148245.130307195	3257	668	21248	0	22984	4863	336	383
job posting	201110	-3266.74819418562	-0.195192889231932	16736	100462.792501211	2252	454	14030	0	14861	3886	255	353
job posting	201111	-2380.05574927372	-0.153482669070338	15507	93881.1617334952	2500	326	12681	0	14140	3434	212	351
job posting	201112	-4618.7054661541	-0.127016623110142	36363	214252.128005261	6627	936	28800	0	33951	6690	437	118
job posting	201201	-6375.41575592145	-0.120404452425334	52950	311923.805778577	9212	1391	42347	0	46957	9723	1304	230
job posting	201202	-4394.36844435584	-0.0678992018473067	64719	370774.392526378	16220	1348	47151	0	44711	9920	2666	305
job posting	201203	-4260.70882878214	-0.087329292028575	48789	285356.06686733	9900	1540	37349	0	40646	9873	1992	386
job posting	201204	-5168.07636838313	-0.0903225622773101	57218	337277.079318909	10568	5046	41604	0	42142	10173	2311	928
job posting	201205	-745.648569600773	-0.00689018166496431	108219	366084.607052582	71393	1434	35392	0	39912	9573	2645	725
job posting	201206	-2371.05706461398	-0.0383442826931557	61836	334243.764630744	10161	2070	49605	0	37750	11621	2025	812
job posting	201207	-4888.08161328013	-0.0484616230930465	100865	573088.907977945	10931	2856	87078	0	43651	13774	2955	1317
job posting	201208	-5657.67104217269	-0.069568657143224	81325	472691.561431583	11476	10783	59066	0	47118	9330	3166	1045
job posting	201209	-2007.50407336434	-0.0149689740093232	134111	684186.345861861	15874	1807	116430	0	58054	9354	3850	1411
job posting	201210	-1951.9921859985	-0.0143762451188954	135779	754487.324869791	17965	1695	116119	0	60266	10324	4600	2164
job posting	201211	-1348.48108706189	-0.0171407645391807	78671	420570.35906027	17361	1651	59659	0	52582	10260	3523	1480
job posting	201212	-1374.53945259029	-0.0250846677237442	54796	NaN	13352	2621	38823	0	49278	8493	1445	929
job posting	201301	756.859665581284	0.0111046505213153	68157	NaN	17348	3121	47688	0	60366	13710	1600	2270
job posting	201302	-1081.72069353004	-0.01555783476722	69529	NaN	16042	2134	51353	0	59033	15377	2054	3590
job posting	201303	531.176089073083	0.0090681522991171	58576	348780.475395632	14352	3080	41144	0	50609	11683	1946	1947
job posting	201304	2691.66638018299	0.0419399862912011	64179	NaN	17835	3926	42418	0	55444	12484	2069	2269
job posting	201305	4778.88210733076	0.0670456817998647	71278	422895.992523627	21195	2275	47808	0	61905	14249	2088	2174
job posting	201306	2588.74649334356	0.041474358251523	62418	429222.552954623	21770	2626	38022	0	51074	12573	2115	5452
job posting	201307	2156.27361559721	0.0308254866348903	69951	477523.889491307	20171	2026	47754	0	56624	13835	3754	4223
job posting	201308	4132.23083417066	0.0618328994025147	66829	NaN	19021	2071	45737	0	55129	11706	4990	1774
job posting	201309	1787.61022018377	0.0253295862524976	70574	469301.808630937	20607	2376	47591	0	53850	11774	8819	2170
job posting	201310	4933.25954622938	0.0763839830646338	64585	405356.333262999	20859	2680	41046	0	48578	9078	8954	1809
job posting	201311	7352.41433340995	0.101614438794432	72356	548856.190207793	22536	2351	47469	0	60498	7358	5556	2292
job posting	201312	4673.61696620466	0.0964686557723834	48447	351470.05867446	15548	1848	31051	0	39895	6350	4574	1504
job posting	201401	4565.2612717552	0.0701969904167786	65035	NaN	19792	2065	43178	0	50921	8688	6786	2170
job posting	201402	4614.86416178367	0.0651688107123404	70814	NaN	19884	2485	48445	0	55758	8071	6292	3142
job posting	201403	7538.47910681198	0.0858665167702662	87793	659751.453854976	25079	2492	60222	0	74113	8395	7045	1776
job posting	201404	1716.07972868575	0.0274107869642806	62606	416024.299658756	17352	2974	42280	0	47898	8817	6848	3229
job posting	201405	1854.61319093395	0.0284974368613084	65080	454952.967763305	17059	4438	43583	0	48479	9862	5008	5795
job posting	201406	1352.82918357497	0.0211240933071261	64042	437437.894807083	17128	3778	43136	0	48771	14380	4591	3742
job posting	201407	1023.54118040915	0.0174567424557697	58633	400550.458288571	15104	3271	40258	0	45303	8671	4518	3237
job posting	201408	464.921763439808	0.00759403096010925	61222	411199.910232107	15307	2173	43742	0	49706	8570	4744	2222
job posting	201409	432.099828423783	0.00676159656402133	63905	453684.164487952	15305	7369	41231	0	46408	8704	4234	4481
we are hiring	201012	16.0631277692642	0.501972742789505	32	179.965510424384	20	0	12	0	30	24	0	0
we are hiring	201101	-28210.8827781234	-0.121311041832395	232550	226383.263683648	8906	453	223191	0	226715	17077	1647	605
we are hiring	201102	35650.875683926	0.976709560941508	36501	150306.89961142	20618	372	15511	0	30255	12827	1324	511
we are hiring	201103	589.193466035299	0.114339892496662	5153	26701.9529355222	1642	83	3428	0	3764	2313	318	300
we are hiring	201104	4446.1060845576	0.248858506915796	17866	107380.755356601	7024	351	10491	0	13671	9332	881	372
we are hiring	201105	2663.86928434331	0.280525409050475	9496	53785.9372274034	3675	147	5674	0	7486	5402	419	161
we are hiring	201106	2945.47088377605	0.235581131230589	12503	78810.5404205987	5166	210	7127	0	8639	6674	853	792
we are hiring	201107	5076.42757377375	0.256385230998674	19800	123029.493197033	7415	299	12086	0	14476	10569	1135	1048
we are hiring	201108	5307.00590388258	0.244494881778429	21706	128559.897408711	8419	629	12658	0	16572	12843	1420	882
we are hiring	201109	5670.59972287538	0.255985902982818	22152	143972.587843415	9204	440	12508	0	16010	11735	1337	1855
we are hiring	201110	3430.60512306626	0.223827567238615	15327	106255.835636997	6145	395	8787	0	10261	7976	1030	2217
we are hiring	201111	4181.99122724266	0.308133747954808	13572	76290.3896196327	6012	284	7276	0	9861	7643	1039	253
we are hiring	201112	-43426.0629637555	-0.430348759414477	100909	170097.608225158	12834	1076	86999	0	95568	17787	2053	160
we are hiring	201201	-183466.696198755	-0.349090005839053	525557	881759.846494374	65810	31167	428580	0	403790	42871	8972	4270
we are hiring	201202	-19140.3219108256	-0.0565497044362277	338469	948528.236852621	66067	25059	247343	0	194500	35097	13008	5101
we are hiring	201203	15577.9837140886	0.0216326933607484	720113	945594.012868049	166448	10176	543489	0	609544	47300	12491	3342
we are hiring	201204	29894.2084331146	0.123200911752572	242646	839702.221442524	72725	3977	165944	0	126738	32250	12674	3699
we are hiring	201205	14486.0314369414	0.0251382748526543	576254	2127099.56964692	52303	15034	508917	0	43289	28801	13905	3498
we are hiring	201206	12758.9905827655	0.0984042032004376	129659	690927.999969835	57021	3900	68738	0	37807	24037	10360	1558
we are hiring	201207	15169.1993809488	0.117286112660524	129335	721569.730345386	66901	1886	60548	0	40327	25586	11529	2768
we are hiring	201208	15446.2667007909	0.112573913714678	137210	844613.533676102	53063	3034	81113	0	44207	27995	14689	5927
we are hiring	201209	15528.7566096555	0.0475222684279228	326768	1643426.3149364	65247	2954	258567	0	45992	26529	14893	6102
we are hiring	201210	17334.500436484	0.0971120472632157	178500	1020100.02918383	51511	3829	123160	0	53208	31174	17208	6145
we are hiring	201211	20311.3705395677	0.0292776090262468	693751	3787971.28032746	610284	1884	81583	0	50275	32040	16619	5129
we are hiring	201212	14141.4862585165	0.20080777953959	70423	NaN	28675	1912	39836	0	38105	24412	5162	4258
we are hiring	201301	22185.3475330687	0.279556792967007	79359	NaN	34946	2255	42158	0	60048	40536	5219	6105
we are hiring	201302	32673.9477155247	0.349906806835848	93379	581577.636111437	51758	2233	39388	0	68491	36706	5737	12313
we are hiring	201303	61516.711374055	0.512186829750845	120106	620883.999800896	76225	2799	41082	0	100494	35644	5976	6628
we are hiring	201304	26730.8312868664	0.276324790792214	96737	NaN	41641	2334	52762	0	76034	42883	5843	6777
we are hiring	201305	30228.3921960039	0.268976555137378	112383	NaN	47176	2515	62692	0	90743	46176	6182	7313
we are hiring	201306	30463.0661508592	0.312441704111376	97500	NaN	45425	1928	50147	0	77427	41635	5786	6782
we are hiring	201307	33953.9397246445	0.306562472120448	110757	682132.517043221	52366	2176	56215	0	82145	47789	7748	8945
we are hiring	201308	34419.3924208481	0.258994946581147	132896	NaN	64992	3042	64862	0	87035	50841	12958	12901
we are hiring	201309	33539.3502815861	0.25905913739195	129466	847548.277579469	62056	2543	64867	0	82961	46185	13734	15749
we are hiring	201310	27763.929461457	0.279481074898149	99341	669304.5330708	49969	2936	46436	0	54054	24507	12235	17859
we are hiring	201311	26644.2467290848	0.292254373564023	91168	NaN	50013	1333	39822	0	48899	21112	10561	16777
we are hiring	201312	23381.2402390134	0.326813807626371	71543	NaN	39164	1345	31034	0	42129	16670	8709	10124
we are hiring	201401	33635.6023284131	0.277068834152235	121398	NaN	66346	2371	52681	0	58954	26981	15993	20378
we are hiring	201402	28704.0123499431	0.251130914093239	114299	NaN	60763	1937	51599	0	55764	25640	14758	19407
we are hiring	201403	34065.7307438631	0.272977897348915	124793	892299.26775327	68201	2825	53767	0	59767	29019	16930	20703
we are hiring	201404	32030.881502646	0.273480712606798	117123	809876.329151684	61667	2070	53386	0	57194	27565	16290	16744
we are hiring	201405	39734.457554874	0.302884108599739	131187	894402.553102958	73478	2157	55552	0	68369	27392	16451	21615
we are hiring	201406	53777.1324792018	0.30551369987389	176022	1108588.12251248	88088	2947	84987	0	117605	55918	16470	18834
we are hiring	201407	89167.9563234818	0.390873233198824	228125	1386652.22873064	134731	5721	87673	0	143553	34117	21049	30838
we are hiring	201408	183770.152174222	0.540532243585569	339980	1444993.94179431	215119	4692	120169	0	271758	29341	20381	19860
we are hiring	201409	77201.618944141	0.443822652555899	173947	992046.940626959	103081	2791	68075	0	117626	26566	16126	20088
