candidate	AggregationKey	NumTweets	NumPositive	NumNegative	NumNeutral	NumDistinctTweets	NumDistinctUsers	NumPopularTweets	NumVerifiedTweets
all	201012	3320	625	113	2582	3276	553	11	0
all	201101	457691	105393	11752	340546	446906	10136	4265	1613
all	201102	488197	110105	13076	365016	473312	10944	4500	4265
all	201103	70369	16651	1894	51824	66274	4712	1063	2065
all	201104	369241	84188	9488	275565	358465	9947	3386	3305
all	201105	195502	45912	4686	144904	189920	7646	1379	1143
all	201106	201529	47420	5630	148479	190248	8869	2869	2674
all	201107	347524	84491	9600	253433	329010	11696	4458	3095
all	201108	424283	99259	11642	313382	405915	13566	5342	4223
all	201109	436044	98065	13164	324815	411112	13288	5728	10238
all	201110	300770	69471	10135	221164	282423	11440	4396	8222
all	201111	282804	63745	7937	211122	272508	10896	2319	3575
all	201112	684059	197157	34188	452714	669876	14877	2990	2076
all	201201	947790	293389	45592	608809	901706	21528	10293	10569
all	201202	871964	268745	37719	565500	809217	22455	15867	11559
all	201203	958451	312304	40827	605320	869550	23076	15083	15086
all	201204	935010	315342	40239	579429	822734	23441	16886	12907
all	201205	1092353	348523	56714	687116	948213	24874	20254	19914
all	201206	852878	278920	36699	537259	756458	22817	14369	12216
all	201207	930626	308043	42401	580182	828840	24767	15408	13270
all	201208	1146127	368772	48081	729274	1055322	27665	25523	21937
all	201209	1152870	377191	46991	728688	1009134	27348	28428	23485
all	201210	1306576	414444	51570	840562	1138452	29904	32356	25087
all	201211	1169803	376531	68383	724889	984871	28089	28378	20988
all	201212	999364	339807	45144	614413	902245	24534	18873	13878
all	201301	1158898	409178	49374	700346	1050797	33655	19539	18733
all	201302	1088916	395290	46549	647077	974387	33430	27593	26636
all	201303	1070749	381889	45358	643502	958842	33867	32957	20503
all	201304	1232708	435760	52142	744806	1106572	37359	33578	25151
all	201305	1346452	483213	61026	802213	1187036	39547	36082	51338
all	201306	1091568	383315	54806	653447	973374	37093	34053	55439
all	201307	1122785	384402	58901	679482	1001815	41440	47307	49683
all	201308	1271484	422483	66166	782835	1087830	42335	84252	56515
all	201309	1380277	457166	67418	855693	1165093	40488	95846	56552
all	201310	1460478	495791	73223	891464	1249161	33255	88818	56986
all	201311	1387716	472572	67498	847646	1224938	31399	66327	48063
all	201312	1389620	476191	66940	846489	1234761	28377	64167	43908
all	201401	1632543	561056	85718	985769	1400052	38370	90060	69284
all	201402	1574749	559117	88704	926928	1363440	36829	88711	67560
all	201403	1998567	694213	122879	1181475	1709460	38870	102066	67853
all	201404	2035986	722279	112758	1200949	1751126	39403	100064	56987
all	201405	2147019	776535	113088	1257396	1841224	39099	114576	64467
all	201406	2454320	879111	123169	1452040	2118068	50780	126705	71485
all	201407	2847372	1037756	140925	1668691	2467345	41139	136992	79470
all	201408	3813810	1351109	151288	2311413	3466052	41139	133368	73206
all	201409	3559707	1291585	136113	2132009	3244299	33940	114179	67345
all old	201012	229	75	3	151	214	109	0	0
all old	201101	31645	11013	247	20385	26846	4591	1123	681
all old	201102	33738	10759	371	22608	27797	4995	1195	701
all old	201103	5229	1769	171	3289	3711	1228	278	571
all old	201104	23019	7408	211	15400	18928	4107	855	769
all old	201105	12457	4484	83	7890	10464	2659	324	257
all old	201106	14755	4443	145	10167	11455	3165	564	602
all old	201107	27911	7799	223	19889	23004	4858	846	1073
all old	201108	37637	10017	903	26717	32482	5806	1099	1539
all old	201109	32525	9405	464	22656	26677	5027	956	2444
all old	201110	20589	6216	275	14098	16463	3998	802	1738
all old	201111	19109	4860	242	14007	16544	3763	419	916
all old	201112	42429	12998	639	28792	38997	6096	394	745
all old	201201	71514	24181	1174	46159	57647	10054	2005	3959
all old	201202	77470	28886	1126	47458	56581	10943	4221	3967
all old	201203	98273	50504	2202	45567	78343	11002	3761	5141
all old	201204	107795	59517	1420	46858	85802	11071	4335	5265
all old	201205	132812	74636	1815	56361	99711	11735	5184	8961
all old	201206	105720	58341	1767	45612	86346	10189	3785	4929
all old	201207	113433	58774	3904	50755	88366	11668	4228	5745
all old	201208	90839	33755	1819	55265	62016	13149	5914	9272
all old	201209	145817	70387	1693	73737	109772	12694	6684	11903
all old	201210	170661	73834	1452	95375	120722	13729	7760	13076
all old	201211	140610	78375	1408	60827	94620	13017	6807	6994
all old	201212	112045	60939	1481	49625	94918	11187	4146	6971
all old	201301	144313	77022	1893	65398	121816	17000	5476	10204
all old	201302	137667	75463	1457	60747	107739	16380	6492	17211
all old	201303	129346	70865	2126	56355	105464	16404	7025	9602
all old	201304	150100	81178	2148	66774	122411	18773	7553	12685
all old	201305	168249	93887	3089	71273	139391	20188	8035	12504
all old	201306	125006	66900	2347	55759	94869	18610	7358	16150
all old	201307	121969	61421	1365	59183	85348	21725	10392	14993
all old	201308	140974	67659	1891	71424	86294	21855	15364	24085
all old	201309	153912	72804	2010	79098	97278	20459	15446	26201
all old	201310	159715	77850	2566	79299	102672	16797	15151	28490
all old	201311	168716	80791	2165	85760	120579	16414	12649	23590
all old	201312	145855	72603	2343	70909	105894	14405	11100	19644
all old	201401	189211	95210	3896	90105	112897	21115	18097	36398
all old	201402	166709	86351	2472	77886	94826	19794	16902	34205
all old	201403	241288	117562	4310	119416	168343	21501	18943	33907
all old	201404	228942	111473	5177	112292	157888	21643	18632	30913
all old	201405	239057	123375	4686	110996	167812	21201	19137	34588
all old	201406	283414	145931	4280	133203	206008	27496	19956	38596
all old	201407	354797	194797	4355	155645	261811	22588	23266	45652
all old	201408	611787	346429	5587	259771	524996	23152	24647	40929
all old	201409	460105	267569	3482	189054	387730	18172	18860	35638
hashtags	201012	3163	591	110	2462	3150	470	11	0
hashtags	201101	434527	99154	11574	323799	429142	6740	3499	1076
hashtags	201102	462937	103799	12760	346378	454986	7227	3721	3680
hashtags	201103	66303	15469	1730	49104	63779	3789	880	1534
hashtags	201104	351538	79597	9310	262631	345513	6917	2868	2632
hashtags	201105	185543	42763	4630	138150	182975	5660	1141	929
hashtags	201106	189545	44204	5519	139822	182020	6598	2425	2184
hashtags	201107	325174	78681	9395	237098	313094	8286	3777	2166
hashtags	201108	399184	92135	11123	295926	387860	9538	4466	2892
hashtags	201109	412085	91049	12876	308160	394369	9767	4977	8081
hashtags	201110	284935	64339	9966	210630	271264	8629	3759	6655
hashtags	201111	268646	59812	7791	201043	261569	8351	1990	2743
hashtags	201112	650755	186617	33846	430292	642706	10671	2680	1507
hashtags	201201	891856	273572	44790	573494	863654	14596	8664	7053
hashtags	201202	810543	244465	36866	529212	773427	14779	12232	8115
hashtags	201203	875813	266457	38885	570471	835491	15401	11933	10420
hashtags	201204	842309	260537	39117	542655	789474	15692	13268	8192
hashtags	201205	974496	279827	55111	639558	914785	16710	15854	11517
hashtags	201206	759456	224950	35048	499458	727721	15718	11182	7761
hashtags	201207	830524	254213	38625	537686	795911	16717	11804	8458
hashtags	201208	1074264	342551	46456	685257	1013594	18661	20836	13987
hashtags	201209	1026426	313300	45442	667684	965684	18728	22887	14806
hashtags	201210	1155350	348372	50294	756684	1091002	20713	25991	13469
hashtags	201211	1045902	304422	67160	674320	944313	19236	22713	15219
hashtags	201212	901109	284719	43775	572615	865682	16926	15467	8254
hashtags	201301	1032105	339428	47665	645012	1001742	22052	15025	9969
hashtags	201302	970540	328840	45352	596348	931933	22291	22430	11339
hashtags	201303	964113	322725	43412	597976	919991	22742	27350	12199
hashtags	201304	1106435	365261	50227	690947	1060634	24369	27549	14867
hashtags	201305	1204266	400900	58194	745172	1138352	25603	29465	40932
hashtags	201306	992392	328027	52698	611667	931542	24238	28205	40966
hashtags	201307	1031671	336708	57799	637164	955161	26235	39734	36824
hashtags	201308	1165101	370461	64578	730062	1041602	27038	72032	36158
hashtags	201309	1258412	398088	65692	794632	1122178	25895	83755	32959
hashtags	201310	1333274	431923	71173	830178	1209650	21010	77067	31801
hashtags	201311	1281222	418808	66122	796292	1189587	20164	56628	27520
hashtags	201312	1291757	428027	65263	798467	1203719	18503	55551	26450
hashtags	201401	1492756	490790	82440	919526	1353992	23640	75296	36916
hashtags	201402	1453894	494480	86753	872661	1321671	22873	74824	36876
hashtags	201403	1826252	608904	119384	1097964	1661389	23818	86698	38182
hashtags	201404	1847718	634021	108060	1105637	1705237	24192	85176	29612
hashtags	201405	1964338	686262	109127	1168949	1796891	24357	99884	36238
hashtags	201406	2241363	774507	119784	1347072	2063178	32250	111935	38586
hashtags	201407	2606149	913632	137925	1554592	2416555	25340	119639	38837
hashtags	201408	3592757	1241925	148376	2202456	3409577	25170	116829	38776
hashtags	201409	3367593	1192794	134027	2040772	3199414	22388	101168	44282
job opening	201012	48	9	0	39	41	18	0	0
job opening	201101	8846	1874	120	6852	7379	1289	387	129
job opening	201102	11323	2037	209	9077	8745	1455	439	226
job opening	201103	1742	281	19	1442	1170	302	105	172
job opening	201104	6805	1370	66	5369	5333	1174	364	313
job opening	201105	3383	698	37	2648	2654	720	106	85
job opening	201106	3980	593	64	3323	2889	873	115	111
job opening	201107	7520	1159	112	6249	6192	1341	167	142
job opening	201108	14446	1861	579	12006	13171	1594	264	462
job opening	201109	9769	1360	224	8185	8713	1305	207	367
job opening	201110	6185	960	116	5109	5338	1096	188	319
job opening	201111	6652	832	138	5682	5602	1079	108	610
job opening	201112	12656	2661	370	9625	11674	1751	93	327
job opening	201201	19589	4189	421	14979	17666	2636	370	511
job opening	201202	23526	4628	466	18432	17542	2890	996	1440
job opening	201203	21989	4171	562	17256	16783	2726	809	1686
job opening	201204	21516	4519	414	16583	17015	2609	842	1564
job opening	201205	39996	11375	430	28191	28152	2988	1037	4781
job opening	201206	31392	7772	917	22703	25060	2777	835	2393
job opening	201207	34445	8530	2531	23384	27512	3175	849	1818
job opening	201208	26094	4639	401	21054	18248	3432	1221	3426
job opening	201209	45082	11208	507	33367	36892	3263	1336	4110
job opening	201210	65384	13266	503	51615	43416	3606	1750	4784
job opening	201211	38821	10918	479	27424	33956	3333	1240	1284
job opening	201212	34397	11235	406	22756	30444	3041	774	1524
job opening	201301	42959	13414	508	29037	38688	3890	938	2054
job opening	201302	38719	12424	427	25868	34186	3699	1186	2150
job opening	201303	38496	12014	424	26058	33899	3811	1200	1834
job opening	201304	47023	15122	418	31483	41085	4267	1302	3147
job opening	201305	51432	16552	1716	33164	46318	4477	1179	2418
job opening	201306	35944	9606	1307	25031	28820	4432	1431	4092
job opening	201307	29924	8065	252	21607	23411	4762	1703	3013
job opening	201308	39043	9344	562	29137	26289	5225	3089	7356
job opening	201309	51770	15535	453	35782	40991	4668	2965	5526
job opening	201310	59750	20057	686	39007	48437	4208	2857	6051
job opening	201311	56614	17765	964	37885	47504	4777	2528	4988
job opening	201312	59846	20040	1313	38493	49070	4595	2350	6759
job opening	201401	58935	15562	1977	41396	41357	5771	3479	11930
job opening	201402	37603	9523	401	27679	24864	5124	3188	7539
job opening	201403	87269	30585	1635	55049	72720	5788	3593	8403
job opening	201404	113379	42746	3265	67368	97348	5516	3615	9982
job opening	201405	109958	42472	2064	65422	96157	5402	3873	7463
job opening	201406	131874	52501	1841	77532	111188	6997	4089	12971
job opening	201407	150338	63862	1786	84690	128444	5921	5136	13255
job opening	201408	202376	52795	1529	148052	178384	6750	5352	15032
job opening	201409	221757	89574	1419	130764	205479	5594	4796	6884
job opportunity	201012	53	46	3	4	49	11	0	0
job opportunity	201101	7432	6360	40	1032	6401	1335	167	90
job opportunity	201102	6839	5517	48	1274	5877	1358	168	45
job opportunity	201103	994	814	40	140	782	331	44	51
job opportunity	201104	4427	3525	52	850	3664	1098	113	117
job opportunity	201105	2982	2459	15	508	2591	704	38	27
job opportunity	201106	2814	2144	12	658	2224	816	118	130
job opportunity	201107	5017	4039	38	940	4133	1300	175	180
job opportunity	201108	6151	4956	52	1143	5189	1583	208	149
job opportunity	201109	6090	4924	122	1044	5182	1479	160	249
job opportunity	201110	3526	2658	57	811	2736	1155	159	153
job opportunity	201111	2984	2260	39	685	2481	1089	91	53
job opportunity	201112	7476	6193	96	1187	6290	1949	98	242
job opportunity	201201	13741	11512	125	2104	10639	3181	489	790
job opportunity	201202	16614	13720	303	2591	12078	3330	972	777
job opportunity	201203	41222	36267	1135	3820	35942	3402	964	1648
job opportunity	201204	49192	44415	257	4520	43848	3410	1127	1061
job opportunity	201205	55398	50494	705	4199	47865	3662	1336	1186
job opportunity	201206	44415	40638	439	3338	40801	3061	944	847
job opportunity	201207	42235	37412	920	3903	37266	3432	1006	915
job opportunity	201208	16771	13609	246	2916	12675	3610	1289	962
job opportunity	201209	48258	43542	642	4074	41576	3739	1838	1994
job opportunity	201210	49850	44410	392	5048	42446	4101	2008	2342
job opportunity	201211	37321	32994	390	3937	31648	4007	1946	1201
job opportunity	201212	42509	38458	528	3523	38007	3416	1280	1977
job opportunity	201301	52313	47247	559	4507	46400	5223	1385	2590
job opportunity	201302	45733	41187	407	4139	39371	4850	1675	3103
job opportunity	201303	44629	39381	933	4315	37860	4869	2271	2606
job opportunity	201304	53444	47213	576	5655	46372	5565	2590	2552
job opportunity	201305	62097	55593	530	5974	53180	6045	2984	3494
job opportunity	201306	35971	32017	325	3629	29700	5486	2290	2035
job opportunity	201307	31677	27067	382	4228	22295	6712	2858	3387
job opportunity	201308	35952	29188	457	6307	20958	6312	4113	7326
job opportunity	201309	35856	27492	579	7785	19544	5950	3618	8438
job opportunity	201310	33445	28759	563	4123	19457	4773	3217	7583
job opportunity	201311	36054	28279	287	7488	25706	5406	3122	4784
job opportunity	201312	36545	29603	358	6584	26698	4751	2771	5366
job opportunity	201401	45843	38889	880	6074	29435	6749	4290	7040
job opportunity	201402	45371	39868	1032	4471	23928	6261	4103	12407
job opportunity	201403	51002	42766	631	7605	33376	6748	4465	8590
job opportunity	201404	44136	36557	623	6956	27678	6554	4411	7924
job opportunity	201405	45912	39390	655	5867	29054	6620	4705	8635
job opportunity	201406	52723	44607	391	7725	35206	8389	4900	9115
job opportunity	201407	51825	44616	350	6859	35321	6769	4840	7726
job opportunity	201408	130405	120874	880	8651	110057	6973	5018	10865
job opportunity	201409	111083	105433	377	5273	88686	6124	4414	14282
job posting	201012	117	12	0	105	117	79	0	0
job posting	201101	11421	1287	64	10070	10685	1049	215	63
job posting	201102	10639	1343	73	9223	9999	1049	164	60
job posting	201103	1556	167	109	1280	1322	305	27	99
job posting	201104	8320	1061	42	7217	7823	892	81	51
job posting	201105	4318	583	19	3716	4039	588	34	9
job posting	201106	5390	674	34	4682	5041	721	65	72
job posting	201107	11025	1128	48	9849	10435	1124	115	96
job posting	201108	12366	1314	59	10993	11541	1213	138	253
job posting	201109	11334	1080	89	10165	10501	995	109	302
job posting	201110	7122	783	78	6261	6634	762	86	164
job posting	201111	7187	785	36	6366	6893	729	51	51
job posting	201112	18759	2365	111	16283	18159	1188	58	97
job posting	201201	24457	3107	150	21200	23245	1703	235	164
job posting	201202	21962	3580	162	18220	20027	1765	498	270
job posting	201203	20056	3287	205	16564	18637	1784	422	280
job posting	201204	20686	3111	523	17052	18187	1911	491	775
job posting	201205	18907	3768	218	14921	16634	1788	567	682
job posting	201206	16077	2868	169	13040	14223	1593	397	439
job posting	201207	19930	3705	284	15941	16415	2036	550	713
job posting	201208	24205	4037	712	19456	21182	2009	672	964
job posting	201209	27999	5305	265	22429	22199	2038	825	1035
job posting	201210	30593	5277	258	25058	24593	2143	902	1594
job posting	201211	23278	4487	272	18519	19540	2039	876	1330
job posting	201212	20703	4278	402	16023	18788	1812	558	748
job posting	201301	27557	5528	611	21418	24624	2683	755	1338
job posting	201302	25441	4962	382	20097	20968	2743	969	2732
job posting	201303	20711	4423	431	15857	18029	2516	962	874
job posting	201304	22528	5563	800	16165	18880	2723	1034	1553
job posting	201305	24740	6578	461	17701	21377	3051	1018	1095
job posting	201306	24801	9567	446	14788	17793	2602	1016	5181
job posting	201307	26626	8586	393	17647	19675	3155	2349	3022
job posting	201308	24059	7605	386	16068	18551	2950	2678	1169
job posting	201309	22422	6566	486	15370	16160	2801	3055	1393
job posting	201310	23327	7206	706	15415	16930	2424	3134	1572
job posting	201311	34833	10560	628	23645	30732	2107	2005	842
job posting	201312	19198	5974	442	12782	15606	1866	1603	1102
job posting	201401	26833	8123	426	18284	20893	2621	2418	1335
job posting	201402	34251	9104	579	24568	26752	2633	2385	2107
job posting	201403	47709	13643	738	33328	41767	2568	2655	1258
job posting	201404	19208	4852	657	13699	12771	2751	2434	2242
job posting	201405	20526	5379	1262	13885	12575	2800	2310	3997
job posting	201406	20767	5348	1040	14379	13921	3474	2216	2406
job posting	201407	20955	5020	814	15121	14602	2735	2258	2338
job posting	201408	23990	6106	522	17362	18321	2732	2417	1755
job posting	201409	20466	5812	422	14232	14956	2283	1904	1250
we are hiring	201012	11	8	0	3	10	4	0	0
we are hiring	201101	4013	1527	26	2460	2558	1471	362	399
we are hiring	201102	4987	1890	41	3056	3381	1702	429	370
we are hiring	201103	951	514	3	434	471	345	103	249
we are hiring	201104	3529	1490	54	1985	2271	1376	302	288
we are hiring	201105	1858	812	12	1034	1253	840	147	136
we are hiring	201106	2617	1048	35	1534	1386	1010	272	289
we are hiring	201107	4413	1502	26	2885	2412	1605	396	659
we are hiring	201108	4824	1926	213	2685	2859	1987	508	739
we are hiring	201109	5393	2072	29	3292	2456	1733	486	1526
we are hiring	201110	3806	1839	24	1943	1880	1328	378	1102
we are hiring	201111	2324	1000	29	1295	1704	1159	171	202
we are hiring	201112	3624	1841	63	1720	3134	1874	146	79
we are hiring	201201	13918	5490	479	7949	6513	3755	926	2509
we are hiring	201202	15684	7155	198	8331	7494	4219	1782	1484
we are hiring	201203	15224	6917	307	8000	7571	4411	1583	1547
we are hiring	201204	17221	7672	231	9318	7313	4435	1923	1932
we are hiring	201205	18817	9213	462	9142	7626	4698	2280	2348
we are hiring	201206	14126	7280	243	6603	6724	3909	1637	1265
we are hiring	201207	17160	9375	169	7616	7776	4453	1857	2319
we are hiring	201208	24405	11710	462	12233	10287	5572	2793	4244
we are hiring	201209	24794	10519	279	13996	9714	5120	2720	4821
we are hiring	201210	25105	11075	300	13730	10994	5538	3141	4366
we are hiring	201211	41483	30172	269	11042	10134	5205	2790	3203
we are hiring	201212	14833	7181	161	7491	8349	4220	1573	2773
we are hiring	201301	22041	11187	233	10621	13104	7237	2452	4246
we are hiring	201302	28433	17357	243	10833	14119	6875	2734	9408
we are hiring	201303	26152	15410	367	10375	16756	7015	2655	4325
we are hiring	201304	27552	13589	369	13594	17145	8475	2672	5437
we are hiring	201305	30619	15547	413	14659	19699	9035	2918	5518
we are hiring	201306	28752	16004	294	12454	19451	8252	2660	4874
we are hiring	201307	35179	18887	363	15929	21833	9820	3615	5741
we are hiring	201308	44094	23318	507	20269	22850	10062	5784	8454
we are hiring	201309	45180	23950	526	20704	21716	9381	5983	11331
we are hiring	201310	44193	22630	657	20906	19065	7239	6121	13409
we are hiring	201311	42107	24854	325	16928	17567	6574	5129	13206
we are hiring	201312	30862	17367	265	13230	15447	5444	4450	6433
we are hiring	201401	58668	33397	658	24613	22484	8955	8069	16293
we are hiring	201402	50916	28744	465	21707	20500	8494	7421	12781
we are hiring	201403	56740	31521	1316	23903	21781	9366	8412	15953
we are hiring	201404	53324	28036	678	24610	21334	9644	8322	10909
we are hiring	201405	64350	37440	736	26174	31359	9378	8427	15218
we are hiring	201406	79318	44315	1029	33974	47219	12878	8909	14280
we are hiring	201407	133208	82211	1416	49581	85028	10478	11227	22593
we are hiring	201408	256396	167619	2659	86118	219716	10797	12070	13395
we are hiring	201409	107979	67569	1267	39143	80143	7929	7872	13413
