candidate	AggregationKey	NumTweets	NumPositive	NumNegative	NumNeutral	NumDistinctTweets	NumDistinctUsers	NumPopularTweets	NumVerifiedTweets
all	201101	1613	298	44	1271	351	60	206	1613
all	201102	4265	776	573	2916	1139	95	321	4265
all	201103	2065	486	312	1267	159	51	179	2065
all	201104	3305	1086	341	1878	393	100	373	3305
all	201105	1143	254	108	781	203	78	137	1143
all	201106	2674	801	499	1374	300	114	289	2674
all	201107	3095	633	594	1868	470	157	393	3095
all	201108	4223	1123	682	2418	602	206	502	4223
all	201109	10238	2610	1192	6436	784	239	836	10238
all	201110	8222	2536	1515	4171	628	221	729	8222
all	201111	3575	879	402	2294	415	161	274	3575
all	201112	2076	801	137	1138	713	201	74	2076
all	201201	10569	3376	581	6612	1345	343	776	10569
all	201202	11559	4025	923	6611	1647	374	1637	11559
all	201203	15086	4296	1866	8924	2038	394	1549	15086
all	201204	12907	4662	839	7406	2024	385	1851	12907
all	201205	19914	7682	1585	10647	2320	432	2134	19914
all	201206	12216	3850	1562	6804	2083	419	1470	12216
all	201207	13270	5808	1770	5692	2216	431	1519	13270
all	201208	21937	6763	1320	13854	2853	509	2544	21937
all	201209	23485	7455	1847	14183	3133	555	2806	23485
all	201210	25087	8839	1703	14545	3324	650	3201	25087
all	201211	20988	6761	1452	12775	2786	569	2508	20988
all	201212	13878	6449	735	6694	2273	513	1807	13878
all	201301	18733	7493	1255	9985	2692	697	2364	18733
all	201302	26636	13441	1799	11396	2838	752	3041	26636
all	201303	20503	8235	1400	10868	3503	713	2833	20503
all	201304	25151	8947	2175	14029	4408	783	3089	25151
all	201305	51338	24191	2255	24892	17507	865	3381	51338
all	201306	55439	27358	2636	25445	17653	904	3905	55439
all	201307	49683	21366	4002	24315	12298	957	3898	49683
all	201308	56515	20925	3777	31813	9324	1043	6409	56515
all	201309	56552	20799	2804	32949	9134	971	6223	56552
all	201310	56986	22344	3692	30950	9242	827	5992	56986
all	201311	48063	21703	2397	23963	8456	806	5311	48063
all	201312	43908	17294	2909	23705	7692	724	5845	43908
all	201401	69284	29399	4590	35295	8619	986	7692	69284
all	201402	67560	31997	4364	31199	8597	981	7481	67560
all	201403	67853	27459	4479	35915	10116	1011	9529	67853
all	201404	56987	22235	4162	30590	6390	1006	7177	56987
all	201405	64467	28334	4410	31723	7476	1067	8557	64467
all	201406	71485	29369	5234	36882	7945	1364	8545	71485
all	201407	79470	36566	4246	38658	8234	1146	9240	79470
all	201408	73206	27750	3293	42163	8493	1102	8831	73206
all	201409	67345	31920	4040	31385	7654	1079	8192	67345
all old	201101	681	146	12	523	41	30	68	681
all old	201102	701	244	15	442	92	41	87	701
all old	201103	571	264	132	175	15	15	29	571
all old	201104	769	438	39	292	66	42	65	769
all old	201105	257	134	0	123	34	28	31	257
all old	201106	602	163	29	410	73	46	55	602
all old	201107	1073	237	0	836	111	64	109	1073
all old	201108	1539	386	318	835	147	89	154	1539
all old	201109	2444	322	90	2032	132	82	162	2444
all old	201110	1738	901	39	798	133	83	171	1738
all old	201111	916	180	30	706	95	56	56	916
all old	201112	745	347	21	377	195	86	6	745
all old	201201	3959	1490	107	2362	361	181	180	3959
all old	201202	3967	1961	81	1925	364	164	535	3967
all old	201203	5141	1654	1028	2459	389	181	469	5141
all old	201204	5265	1920	103	3242	384	194	588	5265
all old	201205	8961	4091	36	4834	428	219	637	8961
all old	201206	4929	1601	627	2701	421	188	450	4929
all old	201207	5745	2804	838	2103	507	205	508	5745
all old	201208	9272	3869	204	5199	733	256	862	9272
all old	201209	11903	3737	353	7813	687	279	1056	11903
all old	201210	13076	4717	107	8252	905	326	1348	13076
all old	201211	6994	3231	196	3567	701	281	1037	6994
all old	201212	6971	3323	317	3331	671	282	863	6971
all old	201301	10204	4662	487	5055	844	417	1244	10204
all old	201302	17211	9901	368	6942	889	395	1657	17211
all old	201303	9602	4767	264	4571	810	380	1348	9602
all old	201304	12685	4894	577	7214	982	421	1529	12685
all old	201305	12504	6625	277	5602	1141	460	1313	12504
all old	201306	16150	9860	454	5836	1111	484	1555	16150
all old	201307	14993	7874	227	6892	1155	542	1577	14993
all old	201308	24085	10325	403	13357	1175	550	2763	24085
all old	201309	26201	10863	377	14961	1140	516	2603	26201
all old	201310	28490	12948	608	14934	1160	462	2845	28490
all old	201311	23590	13518	255	9817	1133	455	2509	23590
all old	201312	19644	8866	635	10143	1028	397	2785	19644
all old	201401	36398	16279	1794	18325	1447	581	3857	36398
all old	201402	34205	19879	829	13497	1349	601	3610	34205
all old	201403	33907	15379	1700	16828	1527	634	3981	33907
all old	201404	30913	12545	2202	16166	1375	587	3556	30913
all old	201405	34588	17148	2023	15417	1635	619	4180	34588
all old	201406	38596	17844	1008	19744	1988	771	4197	38596
all old	201407	45652	25160	788	19704	1731	679	4647	45652
all old	201408	40929	17119	947	22863	1738	715	4719	40929
all old	201409	35638	21095	282	14261	1647	635	3997	35638
hashtags	201101	1076	160	32	884	316	36	158	1076
hashtags	201102	3680	572	558	2550	1064	71	258	3680
hashtags	201103	1534	246	180	1108	149	41	158	1534
hashtags	201104	2632	704	302	1626	345	71	328	2632
hashtags	201105	929	140	108	681	176	57	110	929
hashtags	201106	2184	686	490	1008	246	83	250	2184
hashtags	201107	2166	440	594	1132	377	114	300	2166
hashtags	201108	2892	861	364	1667	487	151	392	2892
hashtags	201109	8081	2435	1102	4544	686	191	722	8081
hashtags	201110	6655	1707	1476	3472	521	164	594	6655
hashtags	201111	2743	727	372	1644	343	124	226	2743
hashtags	201112	1507	598	128	781	587	149	68	1507
hashtags	201201	7053	2097	494	4462	1076	223	641	7053
hashtags	201202	8115	2399	854	4862	1396	271	1182	8115
hashtags	201203	10420	2835	846	6739	1744	274	1147	10420
hashtags	201204	8192	2979	740	4473	1749	268	1366	8192
hashtags	201205	11517	3816	1549	6152	1979	302	1604	11517
hashtags	201206	7761	2508	935	4318	1755	301	1095	7761
hashtags	201207	8458	3584	939	3935	1839	310	1134	8458
hashtags	201208	13987	3821	1116	9050	2280	348	1845	13987
hashtags	201209	14806	4178	1502	9126	2546	374	1904	14806
hashtags	201210	13469	5054	1640	6775	2572	437	2145	13469
hashtags	201211	15219	4114	1293	9812	2223	393	1659	15219
hashtags	201212	8254	4012	432	3810	1807	330	1111	8254
hashtags	201301	9969	3720	796	5453	2036	429	1313	9969
hashtags	201302	11339	4831	1508	5000	2170	477	1680	11339
hashtags	201303	12199	4309	1157	6733	2885	454	1693	12199
hashtags	201304	14867	5621	1614	7632	3764	505	1890	14867
hashtags	201305	40932	18712	2014	20206	16714	556	2365	40932
hashtags	201306	40966	18622	2189	20155	16843	575	2561	40966
hashtags	201307	36824	15011	3783	18030	11421	580	2613	36824
hashtags	201308	36158	13081	3390	19687	8475	659	4156	36158
hashtags	201309	32959	11492	2459	19008	8235	600	4041	32959
hashtags	201310	31801	10971	3107	17723	8401	477	3664	31801
hashtags	201311	27520	10055	2154	15311	7686	463	3231	27520
hashtags	201312	26450	9769	2282	14399	6941	422	3548	26450
hashtags	201401	36916	15795	2808	18313	7523	554	4467	36916
hashtags	201402	36876	14362	3539	18975	7536	510	4394	36876
hashtags	201403	38182	14406	2931	20845	8975	512	6215	38182
hashtags	201404	29612	11763	2017	15832	5400	563	4374	29612
hashtags	201405	36238	15035	2511	18692	6427	577	5563	36238
hashtags	201406	38586	14958	4442	19186	6510	805	5576	38586
hashtags	201407	38837	14392	3730	20715	6965	633	5529	38837
hashtags	201408	38776	15591	2390	20795	7302	537	5243	38776
hashtags	201409	44282	21481	3842	18959	6548	580	5278	44282
job opening	201101	129	6	3	120	12	7	20	129
job opening	201102	226	76	6	144	22	12	33	226
job opening	201103	172	13	0	159	7	7	10	172
job opening	201104	313	162	6	145	26	14	31	313
job opening	201105	85	23	0	62	13	11	7	85
job opening	201106	111	30	20	61	21	14	14	111
job opening	201107	142	43	0	99	29	13	20	142
job opening	201108	462	88	132	242	49	32	49	462
job opening	201109	367	19	0	348	35	27	28	367
job opening	201110	319	129	0	190	37	26	50	319
job opening	201111	610	45	24	541	35	20	24	610
job opening	201112	327	97	3	227	77	32	6	327
job opening	201201	511	175	27	309	97	43	36	511
job opening	201202	1440	193	54	1193	156	58	240	1440
job opening	201203	1686	233	143	1310	160	46	162	1686
job opening	201204	1564	219	51	1294	136	53	204	1564
job opening	201205	4781	1856	3	2922	119	62	167	4781
job opening	201206	2393	250	354	1789	147	57	158	2393
job opening	201207	1818	324	585	909	155	58	131	1818
job opening	201208	3426	317	57	3052	152	72	179	3426
job opening	201209	4110	208	116	3786	165	79	160	4110
job opening	201210	4784	706	12	4066	219	91	307	4784
job opening	201211	1284	283	25	976	178	73	149	1284
job opening	201212	1524	391	9	1124	163	76	190	1524
job opening	201301	2054	398	70	1586	157	92	175	2054
job opening	201302	2150	472	124	1554	180	81	330	2150
job opening	201303	1834	250	84	1500	192	89	294	1834
job opening	201304	3147	616	9	2522	239	130	370	3147
job opening	201305	2418	770	91	1557	282	118	290	2418
job opening	201306	4092	779	273	3040	264	129	480	4092
job opening	201307	3013	1334	18	1661	263	127	327	3013
job opening	201308	7356	1416	223	5717	288	145	675	7356
job opening	201309	5526	1287	21	4218	247	118	575	5526
job opening	201310	6051	1542	102	4407	240	102	587	6051
job opening	201311	4988	1056	180	3752	267	138	708	4988
job opening	201312	6759	1527	477	4755	261	115	711	6759
job opening	201401	11930	2083	1272	8575	410	158	1174	11930
job opening	201402	7539	2062	13	5464	371	155	1098	7539
job opening	201403	8403	1893	684	5826	401	183	1075	8403
job opening	201404	9982	2861	1911	5210	369	160	856	9982
job opening	201405	7463	1767	973	4723	368	146	1053	7463
job opening	201406	12971	3444	594	8933	405	215	942	12971
job opening	201407	13255	5139	237	7879	422	200	1288	13255
job opening	201408	15032	2746	303	11983	461	221	1553	15032
job opening	201409	6884	1049	78	5757	326	141	907	6884
job opportunity	201101	90	63	6	21	9	8	13	90
job opportunity	201102	45	45	0	0	10	6	4	45
job opportunity	201103	51	18	33	0	3	3	3	51
job opportunity	201104	117	63	27	27	18	13	13	117
job opportunity	201105	27	15	0	12	3	3	0	27
job opportunity	201106	130	63	0	67	21	17	14	130
job opportunity	201107	180	111	0	69	25	18	19	180
job opportunity	201108	149	84	0	65	27	21	21	149
job opportunity	201109	249	110	69	70	21	13	19	249
job opportunity	201110	153	81	12	60	21	18	18	153
job opportunity	201111	53	44	3	6	12	10	0	53
job opportunity	201112	242	175	15	52	65	31	0	242
job opportunity	201201	790	619	8	163	135	78	32	790
job opportunity	201202	777	695	12	70	71	49	77	777
job opportunity	201203	1648	578	867	203	73	53	97	1648
job opportunity	201204	1061	717	13	331	104	65	139	1061
job opportunity	201205	1186	858	0	328	103	73	167	1186
job opportunity	201206	847	563	168	116	78	56	108	847
job opportunity	201207	915	588	138	189	97	62	98	915
job opportunity	201208	962	764	72	126	131	71	135	962
job opportunity	201209	1994	1426	219	349	129	83	343	1994
job opportunity	201210	2342	1877	46	419	184	102	374	2342
job opportunity	201211	1201	909	42	250	121	81	248	1201
job opportunity	201212	1977	1469	213	295	145	94	218	1977
job opportunity	201301	2590	1928	81	581	197	137	310	2590
job opportunity	201302	3103	2501	63	539	177	109	375	3103
job opportunity	201303	2606	2205	12	389	211	123	441	2606
job opportunity	201304	2552	1852	153	547	210	113	418	2552
job opportunity	201305	3494	3043	24	427	205	137	260	3494
job opportunity	201306	2035	1576	36	423	229	141	337	2035
job opportunity	201307	3387	2065	111	1211	281	179	470	3387
job opportunity	201308	7326	4377	86	2863	308	166	1050	7326
job opportunity	201309	8438	3911	168	4359	273	152	753	8438
job opportunity	201310	7583	5779	215	1589	237	140	707	7583
job opportunity	201311	4784	3225	54	1505	267	147	750	4784
job opportunity	201312	5366	3480	108	1778	250	127	920	5366
job opportunity	201401	7040	4501	468	2071	355	178	1014	7040
job opportunity	201402	12407	10150	669	1588	328	177	989	12407
job opportunity	201403	8590	5013	180	3397	319	178	1010	8590
job opportunity	201404	7924	4824	93	3007	297	158	984	7924
job opportunity	201405	8635	6043	279	2313	430	184	1257	8635
job opportunity	201406	9115	6499	117	2499	680	237	1500	9115
job opportunity	201407	7726	4918	58	2750	387	191	1161	7726
job opportunity	201408	10865	6668	378	3819	426	177	1225	10865
job opportunity	201409	14282	12875	29	1378	508	192	1167	14282
job posting	201101	63	3	3	57	3	3	3	63
job posting	201102	60	0	3	57	7	6	12	60
job posting	201103	99	0	99	0	1	1	3	99
job posting	201104	51	12	6	33	7	7	6	51
job posting	201105	9	0	0	9	2	2	3	9
job posting	201106	72	15	6	51	13	4	3	72
job posting	201107	96	15	0	81	20	13	9	96
job posting	201108	253	54	6	193	26	13	22	253
job posting	201109	302	51	21	230	33	15	21	302
job posting	201110	164	52	24	88	29	9	15	164
job posting	201111	51	9	0	42	14	10	9	51
job posting	201112	97	27	0	70	28	15	0	97
job posting	201201	164	39	0	125	42	18	21	164
job posting	201202	270	64	3	203	38	19	48	270
job posting	201203	280	111	9	160	48	29	40	280
job posting	201204	775	41	36	698	43	23	55	775
job posting	201205	682	190	24	468	77	30	66	682
job posting	201206	439	67	21	351	68	27	54	439
job posting	201207	713	137	100	476	66	30	70	713
job posting	201208	964	315	15	634	114	36	158	964
job posting	201209	1035	524	0	511	95	37	153	1035
job posting	201210	1594	214	9	1371	92	33	152	1594
job posting	201211	1330	379	30	921	94	25	185	1330
job posting	201212	748	199	92	457	85	32	128	748
job posting	201301	1338	421	321	596	125	44	216	1338
job posting	201302	2732	343	78	2311	152	55	334	2732
job posting	201303	874	136	66	672	73	43	132	874
job posting	201304	1553	288	387	878	122	45	252	1553
job posting	201305	1095	308	78	709	140	58	171	1095
job posting	201306	5181	4575	138	468	102	54	153	5181
job posting	201307	3022	1811	78	1133	114	62	174	3022
job posting	201308	1169	231	63	875	90	50	204	1169
job posting	201309	1393	429	37	927	127	70	267	1393
job posting	201310	1572	273	26	1273	108	49	211	1572
job posting	201311	842	245	0	597	86	42	136	842
job posting	201312	1102	476	12	614	104	41	225	1102
job posting	201401	1335	461	12	862	99	48	191	1335
job posting	201402	2107	683	105	1319	132	70	318	2107
job posting	201403	1258	365	42	851	117	48	264	1258
job posting	201404	2242	521	153	1568	125	67	348	2242
job posting	201405	3997	1123	711	2163	148	85	378	3997
job posting	201406	2406	633	42	1731	122	72	293	2406
job posting	201407	2338	339	348	1651	133	60	290	2338
job posting	201408	1755	477	177	1101	114	76	299	1755
job posting	201409	1250	488	54	708	108	60	245	1250
we are hiring	201101	399	74	0	325	17	14	32	399
we are hiring	201102	370	123	6	241	54	21	38	370
we are hiring	201103	249	233	0	16	5	5	13	249
we are hiring	201104	288	201	0	87	15	13	15	288
we are hiring	201105	136	96	0	40	16	13	21	136
we are hiring	201106	289	55	3	231	18	14	24	289
we are hiring	201107	659	68	0	591	38	26	61	659
we are hiring	201108	739	160	180	399	49	37	70	739
we are hiring	201109	1526	142	0	1384	44	32	94	1526
we are hiring	201110	1102	639	3	460	48	37	88	1102
we are hiring	201111	202	82	3	117	35	23	23	202
we are hiring	201112	79	48	3	28	25	21	0	79
we are hiring	201201	2509	672	72	1765	92	65	96	2509
we are hiring	201202	1484	1013	12	459	109	61	170	1484
we are hiring	201203	1547	736	9	802	117	78	174	1547
we are hiring	201204	1932	957	3	972	118	86	202	1932
we are hiring	201205	2348	1223	9	1116	148	90	241	2348
we are hiring	201206	1265	736	84	445	141	76	135	1265
we are hiring	201207	2319	1775	15	529	196	85	213	2319
we are hiring	201208	4244	2517	60	1667	350	122	410	4244
we are hiring	201209	4821	1587	18	3216	317	120	411	4821
we are hiring	201210	4366	1930	40	2396	427	150	520	4366
we are hiring	201211	3203	1672	99	1432	320	142	463	3203
we are hiring	201212	2773	1264	3	1506	290	116	340	2773
we are hiring	201301	4246	1919	15	2312	391	199	547	4246
we are hiring	201302	9408	6684	103	2621	405	196	654	9408
we are hiring	201303	4325	2180	102	2043	345	172	490	4325
we are hiring	201304	5437	2142	28	3267	434	196	489	5437
we are hiring	201305	5518	2520	84	2914	530	205	592	5518
we are hiring	201306	4874	2950	7	1917	530	215	585	4874
we are hiring	201307	5741	2809	20	2912	517	248	617	5741
we are hiring	201308	8454	4357	31	4066	522	254	846	8454
we are hiring	201309	11331	5383	163	5785	531	250	1027	11331
we are hiring	201310	13409	5479	265	7665	606	224	1356	13409
we are hiring	201311	13206	9162	21	4023	554	190	953	13206
we are hiring	201312	6433	3391	38	3004	454	152	933	6433
we are hiring	201401	16293	9434	42	6817	626	261	1494	16293
we are hiring	201402	12781	7314	42	5425	570	275	1283	12781
we are hiring	201403	15953	8232	794	6927	757	301	1671	15953
we are hiring	201404	10909	4444	45	6420	624	267	1400	10909
we are hiring	201405	15218	8899	60	6259	743	267	1547	15218
we are hiring	201406	14280	7393	255	6632	814	356	1489	14280
we are hiring	201407	22593	14916	145	7532	826	318	1950	22593
we are hiring	201408	13395	7318	89	5988	754	304	1667	13395
we are hiring	201409	13413	6810	121	6482	728	310	1695	13413
